localtime,seconds,pulseWidth1,pulseWidth2,rpm,advance,afrtgt1,afrtgt2,barometer,map,mat,coolant,tps,batteryVoltage,afr1,egoCorrection1,veCurr1,iacstep,idleDC,tpsDOT,mapDOT,dwell,mafmap,fuelload,fuelCorrection,looptime,synccnt,deltaT
122.027,821,7.14085,7.11688,3199,24.5,14,14,96,92.5,42.9957,89.3244,62.4,13,11.1,100,93.3,66,25.7816,20,-5,5.994,0,92.5,100,741.37,0,0
122.046,821,7.13752,7.13752,3212,24.5,14,14,96,92.9,42.9957,89.3244,62.5,13,11.1,100,93.3,66,25.7816,0,10,5.994,0,92.9,100,1086.72,0,0
122.067,821,7.12354,7.12354,3213,24.6,14,14,96,92.6,42.9957,89.3244,62.7,13,11.1,100,93.3,66,25.7816,20.5,-16,5.994,0,92.6,100,1095.39,0,0
122.087,821,7.13752,7.13752,3216,24.6,14,14,96,92.8,42.9957,89.1578,62.7,13,11,100,93.3,66,25.7816,0,10,5.994,0,92.8,100,752.038,0,0
122.106,821,7.13752,7.13086,3215,24.6,14,14,96,92.8,42.9957,89.1578,62.7,13,11,100,93.3,66,25.7816,0,0,5.994,0,92.8,100,914.712,0,0
122.125,821,7.13752,7.13752,3222,24.6,14,14,96,92.9,42.9957,89.1578,62.7,13,11,100,93.2,66,25.7816,0,5,5.994,0,92.9,100,905.379,0,0
122.145,821,7.13752,7.13752,3224,24.6,14,14,96,92.9,42.9957,89.1578,62.7,13,11,100,93.2,66,25.7816,0,0,5.994,0,92.9,100,917.379,0,0
122.166,821,7.13752,7.13752,3234,24.7,14,14,96,92.7,42.9957,89.3244,62.7,13,11,100,93.1,66,25.7816,0,-11,5.994,0,92.7,100,745.371,0,0
122.186,821,7.12886,7.12154,3233,24.7,14,14,96,92.8,42.9957,89.3244,62.7,13.1,11,100,93.1,66,25.7816,0,5,5.994,0,92.8,100,770.039,0,0
122.205,821,7.12886,7.13752,3239,24.7,14,14,96,92.8,42.9957,89.3244,62.7,13.1,11,100,93.1,66,25.7816,0,0,5.994,0,92.8,100,1090.72,0,0
122.226,821,7.12886,7.12154,3248,24.8,14,14,96,92.8,42.9957,89.3244,62.5,13.1,11,100,93.1,66,25.7816,-19.2,0,5.994,0,92.8,100,808.04,0,0
122.247,821,7.11954,7.12886,3248,24.8,14,14,96,92.8,42.9957,89.3244,62.6,13.2,11,100,93,66,25.7816,9.5,5,5.994,0,92.8,100,704.702,0,0
122.267,821,7.11954,7.11954,3247,24.8,14,14,96,92.9,42.9957,89.3244,62.6,13.2,11,100,93.1,66,25.7816,0,0,5.994,0,92.9,100,738.037,0,0
122.288,821,7.11954,7.11288,3252,24.8,14,14,96,92.7,42.9402,89.3244,62.6,13.2,11,100,93,66,25.7816,0,-5,5.994,0,92.7,100,758.038,0,0
122.309,821,7.11288,7.11954,3264,24.9,14,14,96,92.8,42.9402,89.38,62.6,13.2,11,100,93,66,25.7816,0,-5,5.994,0,92.8,100,882.044,0,0
122.329,821,7.11088,7.10356,3266,24.9,14,14,96,92.8,42.9402,89.38,62.6,13.4,11,100,92.9,66,25.7816,0,0,5.994,0,92.8,100,743.37,0,0
122.348,821,7.11088,7.12687,3267,24.9,14,14,96,92.9,42.9402,89.38,62.6,13.4,11,100,92.9,66,25.7816,0,5,5.994,0,92.9,100,818.708,0,0
122.369,821,7.11088,7.11954,3272,24.9,14,14,96,93.1,42.8846,89.5466,62.6,13.4,11,100,92.9,66,25.7816,0,11,5.994,0,93.1,100,757.371,0,0
122.388,821,7.11754,7.13153,3275,25,14,14,96,93,42.8846,89.5466,62.6,13.4,11,100,92.9,66,25.7816,0,-5,5.994,0,93,100,744.037,0,0
122.409,821,7.11088,7.11088,3280,25,14,14,96,92.9,42.8846,89.5466,62.6,13.4,11,100,92.8,66,25.7816,0,-5,5.994,0,92.9,100,1104.06,0,0
122.428,821,7.11088,7.12487,3283,25,14,14,96,92.8,42.8846,89.5466,62.6,13.4,11,100,92.8,66,25.7816,0,0,5.994,0,92.8,100,713.369,0,0
122.449,821,7.11088,7.11088,3290,25,14,14,96,93.1,42.8291,89.4355,62.6,13.4,11,100,92.8,66,25.7816,0,0,5.994,0,93.1,100,746.704,0,0
122.468,822,7.11088,7.12487,3292,25.1,14,14,96,92.8,42.8291,89.4355,62.6,13.3,11,100,92.8,66,25.7816,0,0,5.994,0,92.8,100,732.703,0,0
122.487,822,7.11088,7.11088,3295,25.1,14,14,96,92.9,42.8291,89.4355,62.6,13.3,11,100,92.8,66,25.7816,0,0,5.994,0,92.9,100,778.706,0,0
122.507,822,7.10156,7.08757,3304,25.2,14,14,96,92.6,42.8291,89.4355,62.6,13.3,11,100,92.7,66,25.7816,0,-5,5.994,0,92.6,100,758.038,0,0
122.527,822,7.10156,7.10156,3310,25.2,14,14,96,92.9,42.8291,89.2133,62.7,13.3,11,100,92.7,66,25.7816,0,0,5.994,0,92.9,100,918.713,0,0
122.546,822,7.10156,7.10156,3311,25.3,14,14,96,93,42.8291,89.2133,62.7,13.2,11,100,92.7,66,25.7816,0,5,5.994,0,93,100,761.371,0,0
122.567,822,7.10888,7.10888,3312,25.2,14,14,96,92.9,42.8291,89.2133,62.7,13.2,11,100,92.6,66,25.7816,0,-5,5.994,0,92.9,100,758.038,0,0
122.587,822,7.0929,7.10156,3309,25.2,14,14,96,92.9,42.718,89.2133,62.7,13.2,11,100,92.7,66,25.7816,0,0,5.994,0,92.9,100,744.037,0,0
122.606,822,7.09956,7.11554,3322,25.2,14,14,96,93,42.718,89.1022,62.7,13.2,11,100,92.6,66,25.7816,0,5,5.994,0,93,100,1123.39,0,0
122.625,822,7.0909,7.0929,3331,25.3,14,14,96,93,42.718,89.1022,62.7,13.1,11,100,92.5,66,25.7816,0,0,5.994,0,93,100,1064.72,0,0
122.644,822,7.08358,7.10689,3333,25.4,14,14,96,92.9,42.718,89.1022,62.6,13.1,11,100,92.5,66,25.7816,0,-5,5.994,0,92.9,100,786.706,0,0
122.665,822,7.08358,7.08358,3334,25.4,14,14,96,92.9,42.6624,89.1578,62.6,13.1,11,100,92.5,66,25.7816,0,0,5.994,0,92.9,100,773.372,0,0
122.686,822,7.0909,7.09756,3332,25.4,14,14,96,92.9,42.6624,89.1578,62.6,13.1,11,100,92.5,66,25.7816,0,5,5.994,0,92.9,100,780.039,0,0
122.707,822,7.09756,7.10489,3348,25.4,14,14,96,93.2,42.6624,89.1578,62.6,13.4,11,100,92.5,66,25.7816,0,5,5.994,0,93.2,100,1078.05,0,0
122.727,822,7.0909,7.08358,3350,25.5,14,14,96,92.9,42.6624,89.1578,62.6,13.4,11,100,92.4,66,25.7816,0,-5,5.994,0,92.9,100,760.705,0,0
122.748,822,7.08358,7.08358,3355,25.5,14,14,96,92.8,42.5513,89.3244,62.6,13.4,11,100,92.4,66,25.7816,0,-5,5.994,0,92.8,100,826.708,0,0
122.769,822,7.08358,7.08358,3355,25.5,14,14,96,92.9,42.5513,89.3244,62.6,13.5,11,100,92.4,66,25.7816,0,5,5.994,0,92.9,100,766.038,0,0
122.787,822,7.07492,7.08358,3360,25.6,14,14,96,92.8,42.5513,89.3244,62.5,13.5,11,100,92.3,66,25.7816,-10.1,-5,5.994,0,92.8,100,724.036,0,0
122.807,822,7.07492,7.06759,3362,25.6,14,14,96,92.9,42.5513,89.3244,62.6,13.5,11,100,92.3,66,25.7816,0,0,5.994,0,92.9,100,760.038,0,0
122.826,822,7.07492,7.07492,3369,25.6,14,14,96,92.8,42.5513,89.3244,62.6,13.5,11,100,92.3,66,25.7816,0,5,5.994,0,92.8,100,921.379,0,0
122.847,822,7.07492,7.07492,3370,25.5,14,14,96,93.1,42.5513,89.3244,62.6,13.4,11,100,92.3,66,25.7816,0,0,5.994,0,93.1,100,810.707,0,0
122.868,822,7.06559,7.06559,3380,25.7,14,14,96,92.8,42.5513,89.3244,62.6,13.4,11,100,92.2,66,25.7816,0,0,5.994,0,92.8,100,1102.06,0,0
122.887,822,7.07292,7.07292,3382,25.7,14,14,96,92.8,42.4958,89.3244,62.6,13.4,11,100,92.2,66,25.7816,0,-11,5.994,0,92.8,100,942.714,0,0
122.907,822,7.06559,7.05893,3385,25.7,14,14,96,92.8,42.4958,89.3244,62.6,13.1,11,100,92.2,66,25.7816,0,0,5.994,0,92.8,100,826.708,0,0
122.928,822,7.06559,7.06559,3386,25.7,14,14,96,92.9,42.4958,89.3244,62.6,13.1,11,100,92.2,66,25.7816,0,5,5.994,0,92.9,100,734.037,0,0
122.949,822,7.05694,7.06559,3391,25.7,14,14,96,92.9,42.3847,89.3244,62.6,13.1,11,100,92.1,66,25.7816,0,0,5.994,0,92.9,100,774.039,0,0
122.97,822,7.05694,7.05694,3395,25.8,14,14,96,92.8,42.3847,89.3244,62.6,13.1,11,100,92.1,66,25.7816,0,0,5.994,0,92.8,100,850.042,0,0
122.989,822,7.0636,7.0636,3409,25.8,14,14,96,93,42.3847,89.3244,62.6,13.4,11,100,92.1,66,25.7816,0,5,5.994,0,93,100,824.708,0,0
123.009,822,7.05694,7.05694,3411,25.9,14,14,96,92.8,42.3847,89.3244,62.6,13.4,11,100,92,66,25.7816,0,-11,5.994,0,92.8,100,902.712,0,0
123.03,822,7.05694,7.05694,3416,25.9,14,14,96,92.8,42.4402,89.3244,62.6,13.4,11,100,92,66,25.7816,0,-5,5.994,0,92.8,100,757.371,0,0
123.049,822,7.05694,7.05694,3412,25.9,14,14,96,92.9,42.4402,89.3244,62.6,13.4,11,100,92,66,25.7816,0,5,5.994,0,92.9,100,763.372,0,0
123.069,822,7.05694,7.05694,3414,25.9,14,14,96,92.9,42.4402,89.3244,62.6,13.3,11,100,92,66,25.7816,0,0,5.994,0,92.9,100,788.706,0,0
123.089,822,7.0636,7.05694,3417,25.9,14,14,96,93,42.4402,89.3244,62.6,13.3,11,100,92,66,25.7816,0,5,5.994,0,93,100,730.703,0,0
123.11,822,7.04761,7.0636,3426,26,14,14,96,92.7,42.3847,89.3244,62.6,13.3,11,100,91.9,66,25.7816,0,-11,5.994,0,92.7,100,831.375,0,0
123.13,822,7.04761,7.05494,3435,26,14,14,96,93,42.3847,89.3244,62.6,13.3,11,100,91.9,66,25.7816,0,0,5.994,0,93,100,788.706,0,0
123.151,822,7.03895,7.03163,3441,26,14,14,96,92.7,42.3847,89.3244,62.6,13.3,11,100,91.8,66,25.7816,0,0,5.994,0,92.7,100,840.709,0,0
123.17,822,7.03163,7.03895,3446,26.1,14,14,96,92.7,42.3291,89.3244,62.6,13.3,11,100,91.7,66,25.7816,0,0,5.994,0,92.7,100,863.377,0,0
123.191,822,7.03895,7.03163,3446,26.1,14,14,96,92.8,42.3291,89.38,62.6,13.3,11,100,91.8,66,25.7816,0,5,5.994,0,92.8,100,782.039,0,0
123.212,822,7.03895,7.03895,3440,26,14,14,96,92.8,42.3291,89.38,62.6,13.3,11,100,91.8,66,25.7816,0,0,5.994,0,92.8,100,765.372,0,0
123.233,822,7.04495,7.03163,3446,26.1,14,14,96,93.1,42.3291,89.38,62.6,13.3,11,100,91.8,66,25.7816,0,11,5.994,0,93.1,100,797.373,0,0
123.253,822,7.04495,7.02896,3459,26.2,14,14,96,92.8,42.3291,89.38,62.6,13.3,11,100,91.7,66,25.7816,0,0,5.994,0,92.8,100,1065.39,0,0
123.272,822,7.02896,7.02896,3465,26.2,14,14,96,92.9,42.3291,89.2133,62.6,13.3,11,100,91.7,66,25.7816,0,0,5.994,0,92.9,100,758.038,0,0
123.293,822,7.02896,7.01564,3464,26.2,14,14,96,92.8,42.3291,89.2133,62.6,12.9,11,100,91.7,66,25.7816,0,-5,5.994,0,92.8,100,839.375,0,0
123.314,822,7.02896,7.02896,3467,26.2,14,14,96,92.8,42.3291,89.2133,62.6,12.9,11,100,91.6,66,25.7816,0,0,5.994,0,92.8,100,794.706,0,0
123.336,822,7.02297,7.02297,3470,26.2,14,14,96,92.8,42.3291,89.3244,62.6,12.9,11,100,91.6,66,25.7816,0,-5,5.994,0,92.8,100,934.047,0,0
123.357,822,7.02896,7.02297,3472,26.3,14,14,96,92.7,42.3291,89.3244,62.6,12.9,11,100,91.6,66,25.7816,0,5,5.994,0,92.7,100,932.713,0,0
123.378,822,7.02896,7.02896,3480,26.3,14,14,96,92.8,42.3291,89.3244,62.6,12.9,11,100,91.5,66,25.7816,0,0,5.994,0,92.8,100,773.372,0,0
123.398,822,7.01964,7.01365,3490,26.3,14,14,96,92.8,42.2736,89.3244,62.6,12.9,11,100,91.5,66,25.7816,0,0,5.994,0,92.8,100,768.038,0,0
123.419,822,7.01964,7.01964,3495,26.4,14,14,96,92.9,42.2736,89.1578,62.6,12.9,11,100,91.5,66,25.7816,0,5,5.994,0,92.9,100,886.711,0,0
123.44,822,7.01964,7.01964,3494,26.4,14,14,96,93.1,42.2736,89.1578,62.6,13.2,11,100,91.5,66,25.7816,0,0,5.994,0,93.1,100,801.373,0,0
123.461,823,7.00366,7.00366,3499,26.5,14,14,96,92.7,42.2736,89.1578,62.6,13.2,11,100,91.4,66,25.7816,0,-11,5.994,0,92.7,100,1080.05,0,0
123.481,823,7.01098,7.01964,3500,26.4,14,14,96,92.8,42.218,89.2133,62.6,13.2,11,100,91.4,66,25.7816,0,0,5.994,0,92.8,100,856.043,0,0
123.503,823,7.01098,7.00366,3504,26.4,14,14,96,92.8,42.218,89.2133,62.5,13.2,11,100,91.4,66,25.7816,0,0,5.994,0,92.8,100,805.374,0,0
123.524,823,7.01098,7.01764,3507,26.4,14,14,96,92.8,42.218,89.2133,62.6,13.2,11,100,91.4,66,25.7816,0,0,5.994,0,92.8,100,939.38,0,0
123.544,823,7.00166,7.00166,3520,26.5,14,14,96,92.9,42.1069,89.2133,62.6,13.2,11,100,91.3,66,25.7816,0,5,5.994,0,92.9,100,819.374,0,0
123.565,823,7.00166,6.995,3522,26.6,14,14,96,92.7,42.1069,89.2133,62.6,13.2,11,100,91.3,66,25.7816,0,-5,5.994,0,92.7,100,842.709,0,0
123.588,823,7.00166,7.00166,3528,26.6,14,14,96,92.8,42.1069,89.2133,62.6,13.3,11,100,91.2,66,25.7816,0,0,5.994,0,92.8,100,771.372,0,0
123.607,823,7.00166,6.995,3524,26.5,14,14,96,92.9,42.1069,89.2133,62.6,13.3,11,100,91.3,66,25.7816,0,0,5.994,0,92.9,100,765.372,0,0
123.628,823,7.00166,7.00166,3527,26.6,14,14,96,92.7,42.0513,89.1022,62.6,13.3,11,100,91.2,66,25.7816,0,0,5.994,0,92.7,100,790.039,0,0
123.649,823,6.995,7.00898,3538,26.6,14,14,96,93,42.0513,89.1022,62.6,13.3,11,100,91.3,66,25.7816,0,-5,5.994,0,93,100,895.378,0,0
123.669,823,7.00166,7.00166,3535,26.6,14,14,96,92.8,42.0513,89.1022,62.6,13.3,11,100,91.2,66,25.7816,0,-5,5.994,0,92.8,100,790.706,0,0
123.69,823,7.00166,7.00166,3539,26.6,14,14,96,92.9,42.1069,89.1022,62.6,13.3,11,100,91.2,66,25.7816,0,5,5.994,0,92.9,100,800.707,0,0
123.711,823,6.993,7.00166,3549,26.7,14,14,96,92.9,42.1069,89.0467,62.6,13.3,11,100,91.1,66,25.7816,8.7,-6,5.994,0,92.9,100,920.046,0,0
123.731,823,6.993,6.993,3560,26.7,14,14,96,92.9,42.1069,89.0467,62.6,13.1,11,100,91.1,66,25.7816,0,5,5.994,0,92.9,100,792.706,0,0
123.751,823,6.993,7.00699,3560,26.7,14,14,96,92.9,42.1069,89.0467,62.6,13.1,11,100,91.1,66,25.7816,0,0,5.994,0,92.9,100,786.039,0,0
123.771,823,6.993,6.98368,3562,26.8,14,14,96,92.9,42.0513,89.0467,62.6,13.1,11,100,91,66,25.7816,0,0,5.994,0,92.9,100,785.373,0,0
123.79,823,6.98368,7.00699,3563,26.8,14,14,96,92.9,42.0513,89.1578,62.6,13.1,11,100,91,66,25.7816,0,0,5.994,0,92.9,100,1108.06,0,0
123.809,823,6.98368,6.98368,3568,26.8,14,14,96,93,42.0513,89.1578,62.6,13.1,11,100,91,66,25.7816,0,-6,5.994,0,92.8,100,751.371,0,0
123.83,823,6.98368,6.991,3568,26.8,14,14,96,92.7,42.0513,89.1578,62.6,13.1,11,100,90.9,66,25.7816,0,0,5.994,0,92.7,100,868.043,0,0
123.851,823,6.97502,6.991,3580,26.9,14,14,96,93,41.9958,89.2133,62.6,13.1,11,100,91,66,25.7816,0,0,5.994,0,93,100,942.047,0,0
123.872,823,6.97502,6.97502,3580,26.9,14,14,96,92.9,41.9958,89.2133,62.6,13.2,11,100,90.9,66,25.7816,0,0,5.994,0,92.9,100,842.042,0,0
123.893,823,6.96103,6.97502,3581,26.9,14,14,96,92.6,41.9958,89.2133,62.6,13.2,11,100,90.8,66,25.7816,10.1,-18,5.994,0,92.6,100,950.047,0,0
123.912,823,6.97502,6.96103,3585,26.9,14,14,96,92.8,41.9403,89.2133,62.6,13.2,11,100,90.9,66,25.7816,0,11,5.994,0,92.8,100,867.377,0,0
123.932,823,6.97502,6.97502,3594,26.9,14,14,96,92.8,41.9403,89.2133,62.6,13.2,11,100,90.8,66,25.7816,0,0,5.994,0,92.8,100,821.374,0,0
123.953,823,6.97502,6.98168,3596,27,14,14,96,93,41.9403,89.2133,62.6,13.4,11,100,90.9,66,25.7816,0,0,5.994,0,93,100,820.708,0,0
123.972,823,6.97502,6.96769,3597,27,14,14,96,92.8,41.9403,89.2133,62.6,13.4,11,100,90.8,66,25.7816,0,0,5.994,0,92.8,100,812.041,0,0
123.993,823,6.97502,6.98168,3600,27,14,14,96,92.8,41.9403,89.1022,62.6,13.4,11,100,90.8,66,25.7816,0,0,5.994,0,92.8,100,921.379,0,0
124.013,823,6.95903,6.95903,3602,27,14,14,96,92.8,41.9403,89.1022,62.6,13.4,11,100,90.8,66,25.7816,0,-6,5.994,0,92.8,100,840.709,0,0
124.034,823,6.95903,6.93572,3614,27.1,14,14,96,92.5,41.9403,89.1022,62.6,13.5,11,100,90.6,66,25.7816,0,0,5.994,0,92.5,100,1094.72,0,0
124.055,823,6.94305,6.96569,3616,27.1,14,14,96,92.7,41.9403,89.1022,62.6,13.5,11,100,90.6,66,25.7816,0,6,5.994,0,92.7,100,848.709,0,0
124.076,823,6.94305,6.93572,3618,27.1,14,14,96,92.6,41.9958,88.9356,62.6,13.5,11,100,90.6,66,25.7816,0,-6,5.994,0,92.6,100,1091.39,0,0
124.095,823,6.94305,6.96569,3617,27.1,14,14,96,92.5,41.9958,88.9356,62.6,13.2,11,100,90.6,66,25.7816,0,0,5.994,0,92.5,100,818.041,0,0
124.116,823,6.94305,6.95704,3626,27.1,14,14,96,92.8,41.9958,88.9356,62.6,13.2,11,100,90.6,66,25.7816,0,0,5.994,0,92.8,100,792.706,0,0
124.137,823,6.93373,6.92707,3627,27.2,14,14,96,92.5,41.9403,88.9356,62.6,13.2,11,100,90.5,66,25.7816,0,-5,5.994,0,92.5,100,772.705,0,0
124.158,823,6.92707,6.94971,3635,27.2,14,14,96,92.5,41.9403,89.1022,62.7,13.2,11,100,90.4,66,25.7816,19,0,5.994,0,92.5,100,805.374,0,0
124.179,823,6.93373,6.92107,3638,27.2,14,14,96,92.8,41.9403,89.1022,62.7,13.1,11,100,90.5,66,25.7816,0,6,5.994,0,92.8,100,854.043,0,0
124.199,823,6.93373,6.93373,3642,27.3,14,14,96,92.6,41.9403,89.1022,62.6,13.1,11,100,90.4,66,25.7816,0,0,5.994,0,92.6,100,922.713,0,0
124.22,823,6.93373,6.94105,3648,27.3,14,14,96,92.5,41.8292,89.1578,62.6,13.1,11,100,90.4,66,25.7816,0,-6,5.994,0,92.5,100,853.376,0,0
124.241,823,6.91774,6.91175,3648,27.3,14,14,96,92.5,41.8292,89.1578,62.6,13.1,11,100,90.3,66,25.7816,0,0,5.994,0,92.5,100,930.713,0,0
124.262,823,6.91774,6.94105,3652,27.3,14,14,96,92.5,41.8292,89.1578,62.6,13.1,11,100,90.3,66,25.7816,0,0,5.994,0,92.5,100,804.04,0,0
124.283,823,6.91774,6.94105,3657,27.3,14,14,96,92.7,41.7736,89.1578,62.6,13.1,11,100,90.4,66,25.7816,0,0,5.994,0,92.7,100,834.708,0,0
124.302,823,6.91774,6.89576,3663,27.4,14,14,96,92.4,41.7736,89.2133,62.6,13.1,11,100,90.2,66,25.7816,0,-6,5.994,0,92.4,100,781.372,0,0
124.321,823,6.90309,6.93173,3663,27.4,14,14,96,92.4,41.7736,89.2133,62.6,13.1,11,100,90.2,66,25.7816,0,0,5.994,0,92.4,100,912.046,0,0
124.341,823,6.90309,6.89576,3670,27.4,14,14,96,92.6,41.7736,89.2133,62.6,13.1,11,100,90.2,66,25.7816,0,0,5.994,0,92.6,100,773.372,0,0
124.36,823,6.89377,6.89377,3676,27.5,14,14,96,92.4,41.7736,89.2133,62.6,13.1,11,100,90.1,66,25.7816,0,0,5.994,0,92.4,100,844.042,0,0
124.381,823,6.89377,6.90908,3681,27.5,14,14,96,92.5,41.7736,89.2133,62.6,13.1,11,100,90.2,66,25.7816,0,0,5.994,0,92.5,100,834.708,0,0
124.401,823,6.87978,6.87978,3679,27.5,14,14,96,92.2,41.7736,89.2133,62.6,12.9,11,100,90,66,25.7816,0,-5,5.994,0,92.2,100,774.705,0,0
124.42,823,6.89377,6.91574,3684,27.5,14,14,96,92.4,41.7736,89.2133,62.6,12.9,11.1,100,90,66,25.7816,0,12,5.994,0,92.4,100,794.706,0,0
124.441,823,6.89377,6.88711,3689,27.5,14,14,96,92.6,41.8292,89.1022,62.6,12.9,11.1,100,90.1,66,25.7816,0,0,5.994,0,92.6,100,856.71,0,0
124.46,824,6.87112,6.87112,3694,27.6,14,14,96,92.2,41.8292,89.1022,62.7,12.9,11.1,100,89.9,66,25.7816,0,-12,5.994,0,92.2,100,933.38,0,0
124.481,824,6.89377,6.91375,3688,27.5,14,14,96,92.4,41.8292,89.1022,62.6,12.9,11.1,100,90,66,25.7816,-9.8,0,5.994,0,92.4,100,942.714,0,0
124.501,824,6.89377,6.88711,3693,27.6,14,14,96,92.4,41.8292,89.1022,62.6,12.9,11.1,100,90,66,25.7816,0,0,5.994,0,92.4,100,930.047,0,0
124.52,824,6.89377,6.91375,3700,27.7,14,14,96,92.1,41.8292,89.0467,62.6,12.9,11.1,100,89.8,66,25.7816,0,0,5.994,0,92.1,100,851.376,0,0
124.54,824,6.88711,6.89976,3708,27.6,14,14,96,92.5,41.8292,89.0467,62.6,13.2,11.1,100,90,66,25.7816,0,-6,5.994,0,92.5,100,822.708,0,0
124.559,824,6.87112,6.87978,3715,27.7,14,14,96,92.4,41.8292,89.0467,62.6,13.2,11.1,100,90.1,66,25.7816,0,12,5.994,0,92.4,100,782.706,0,0
124.58,824,6.89377,6.90709,3717,27.7,14,14,96,92.2,41.7181,89.0467,62.6,13.2,11.1,100,90,66,25.7816,0,-12,5.994,0,92.2,100,805.374,0,0
124.599,824,6.88711,6.8578,3723,27.7,14,14,96,92.5,41.7181,89.1578,62.6,13.2,11.1,100,90.1,66,25.7816,0,5,5.994,0,92.5,100,746.037,0,0
124.618,824,6.87978,6.90908,3722,27.7,14,14,96,92.2,41.7181,89.1578,62.6,13.3,11.1,100,90.1,66,25.7816,0,-6,5.994,0,92.2,100,796.706,0,0
124.639,824,6.90309,6.92507,3729,27.8,14,14,96,92.6,41.7181,89.1578,62.6,13.3,11.1,100,90.3,66,25.7816,0,12,5.994,0,92.6,100,1134.72,0,0
124.66,824,6.87978,6.85114,3728,27.8,14,14,96,92.2,41.6625,89.3244,62.6,13.3,11.1,100,90.1,66,25.7816,0,0,5.994,0,92.2,100,828.708,0,0
124.681,824,6.87312,6.90309,3731,27.8,14,14,96,92.1,41.6625,89.3244,62.6,13.3,11.1,100,90.1,66,25.7816,0,-6,5.994,0,92.1,100,771.372,0,0
124.702,824,6.87312,6.89576,3745,27.8,14,14,96,92.3,41.6625,89.3244,62.6,13.3,11.1,100,90.2,66,25.7816,0,0,5.994,0,92.3,100,821.374,0,0
124.721,824,6.88178,6.86713,3746,27.9,14,14,96,92,41.607,89.3244,62.6,13.3,11.1,100,90.2,66,25.7816,0,-6,5.994,0,92,100,874.044,0,0
124.741,824,6.87578,6.90509,3747,27.9,14,14,96,92,41.607,89.38,62.6,13.3,11.1,100,90.2,66,25.7816,0,0,5.994,0,92,100,824.041,0,0
124.76,824,6.88178,6.8598,3748,27.9,14,14,96,92.3,41.607,89.38,62.6,13.2,11.1,100,90.3,66,25.7816,0,6,5.994,0,92.3,100,961.381,0,0
124.781,824,6.8911,6.87578,3758,27.9,14,14,96,92,41.607,89.38,62.6,13.2,11.1,100,90.2,66,25.7816,0,0,5.994,0,92,100,787.373,0,0
124.801,824,6.88511,6.92107,3760,28,14,14,96,92,41.607,89.38,62.6,13.2,11.1,100,90.3,66,25.7816,0,0,5.994,0,92,100,970.715,0,0
124.822,824,6.88511,6.86912,3761,28,14,14,96,92,41.607,89.2133,62.6,13.2,11.1,100,90.3,66,25.7816,0,0,5.994,0,92,100,828.708,0,0
124.841,824,6.88511,6.91375,3765,28.1,14,14,96,91.8,41.607,89.2133,62.6,13,11.1,100,90.2,66,25.7816,0,0,5.994,0,91.8,100,969.382,0,0
124.861,824,6.89377,6.89976,3774,28,14,14,96,92.1,41.607,89.2133,62.6,13,11.1,100,90.4,66,25.7816,0,0,5.994,0,92.1,100,822.708,0,0
124.882,824,6.85514,6.85514,3779,28.1,14,14,96,91.9,41.607,89.2133,62.6,13,11.1,100,90.4,66,25.7816,0,12,5.994,0,91.9,100,960.715,0,0
124.901,824,6.88711,6.90709,3776,28.1,14,14,96,91.9,41.607,89.2133,62.6,13.3,11.1,100,90.4,66,25.7816,0,0,5.994,0,91.9,100,795.373,0,0
124.92,824,6.88711,6.87112,3780,28.1,14,14,96,92.1,41.607,89.2133,62.6,13.3,11.1,100,90.5,66,25.7816,0,0,5.994,0,92.1,100,855.376,0,0
124.941,824,6.8638,6.8638,3787,28.2,14,14,96,91.7,41.607,89.2133,62.6,13.3,11.1,100,90.3,66,25.7816,0,-12,5.994,0,91.7,100,803.374,0,0
124.961,824,6.88711,6.91574,3795,28.2,14,14,96,91.8,41.5514,89.2133,62.6,13.3,11.1,100,90.4,66,25.7816,0,-6,5.994,0,91.8,100,852.709,0,0
124.981,824,6.88711,6.8638,3793,28.2,14,14,96,91.9,41.5514,89.2133,62.6,13.3,11.1,100,90.5,66,25.7816,0,6,5.994,0,91.9,100,870.71,0,0
125.001,824,6.88711,6.90908,3798,28.2,14,14,96,91.9,41.5514,89.2133,62.6,13.3,11.1,100,90.5,66,25.7816,0,0,5.994,0,91.9,100,808.707,0,0
125.022,824,6.88711,6.90908,3807,28.2,14,14,96,92.1,41.4958,89.2133,62.6,13.3,11.1,100,90.6,66,25.7816,0,0,5.994,0,92.1,100,804.04,0,0
125.041,824,6.87312,6.87312,3806,28.3,14,14,96,91.7,41.4958,89.1022,62.7,13.3,11.1,100,90.5,66,25.7816,0,0,5.994,0,91.7,100,812.041,0,0
125.061,824,6.87978,6.90309,3813,28.3,14,14,96,91.8,41.4958,89.1022,62.6,13,11.1,100,90.5,66,25.7816,-10.7,6,5.994,0,91.8,100,761.371,0,0
125.08,824,6.89576,6.91774,3814,28.3,14,14,96,92.1,41.4958,89.1022,62.6,13,11.1,100,90.7,66,25.7816,0,6,5.994,0,92.1,100,824.041,0,0
125.099,824,6.88178,6.8598,3825,28.4,14,14,96,91.5,41.4958,89.0467,62.5,13,11.1,100,90.4,66,25.7816,0,-12,5.994,0,91.5,100,950.714,0,0
125.118,824,6.8891,6.93373,3824,28.3,14,14,96,91.8,41.4958,89.0467,62.5,13.2,11.1,100,90.6,66,25.7816,0,0,5.994,0,91.8,100,862.043,0,0
125.139,824,6.88178,6.88178,3826,28.4,14,14,96,91.7,41.4958,89.0467,62.6,13.2,11.1,100,90.6,66,25.7816,9.7,-6,5.994,0,91.7,100,912.712,0,0
125.159,824,6.87512,6.90509,3826,28.5,14,14,96,91.5,41.4958,89.0467,62.6,13.2,11.1,100,90.5,66,25.7816,0,-6,5.994,0,91.5,100,834.708,0,0
125.178,824,6.87512,6.91375,3838,28.4,14,14,96,91.6,41.3848,89.1578,62.6,13.2,11.1,100,90.8,66,25.7816,0,0,5.994,0,91.9,100,812.707,0,0
125.199,824,6.87512,6.8598,3829,28.4,14,14,96,91.6,41.3848,89.1578,62.6,13.2,11.1,100,90.6,66,25.7816,0,0,5.994,0,91.6,100,812.041,0,0
125.22,824,6.86912,6.89776,3841,28.5,14,14,96,91.5,41.3848,89.1578,62.6,13.2,11.1,100,90.6,66,25.7816,0,-6,5.994,0,91.5,100,779.372,0,0
125.239,824,6.88378,6.91375,3852,28.5,14,14,96,91.9,41.3848,89.1578,62.5,13.2,11.2,100,90.9,66,25.7816,0,6,5.994,0,91.9,100,915.379,0,0
125.258,824,6.87778,6.86912,3851,28.5,14,14,96,91.6,41.3848,89.2133,62.4,13.2,11.2,100,90.7,66,25.7816,-9.5,6,5.994,0,91.6,100,902.712,0,0
125.277,824,6.87778,6.89976,3852,28.6,14,14,96,91.5,41.3848,89.2133,62.5,13,11.2,100,90.7,66,25.7816,0,-6,5.994,0,91.5,100,851.376,0,0
125.297,824,6.87778,6.8618,3853,28.5,14,14,96,91.8,41.3848,89.2133,62.6,13,11.2,100,90.9,66,25.7816,9.6,0,5.994,0,91.8,100,980.716,0,0
125.317,824,6.87778,6.87778,3859,28.6,14,14,96,91.5,41.3848,89.2133,62.6,13,11.2,100,90.7,66,25.7816,0,0,5.994,0,91.5,100,1045.39,0,0
125.337,824,6.8931,6.91375,3862,28.6,14,14,96,91.8,41.3848,89.1022,62.7,13,11.2,100,90.9,66,25.7816,0,12,5.994,0,91.8,100,902.045,0,0
125.357,824,6.89976,6.8931,3866,28.6,14,14,96,91.7,41.3848,89.1022,62.7,13.3,11.2,100,90.9,66,25.7816,0,-6,5.994,0,91.7,100,881.377,0,0
125.378,824,6.8638,6.89976,3867,28.7,14,14,96,91.3,41.3848,89.1022,62.7,13.3,11.2,100,90.6,66,25.7816,0,-24,5.994,0,91.3,100,853.376,0,0
125.399,824,6.88577,6.93173,3876,28.7,14,14,96,91.4,41.3292,89.5466,62.6,13.3,11.2,100,90.8,66,25.7816,0,-6,5.994,0,91.4,100,1008.72,0,0
125.419,824,6.8931,6.88577,3881,28.7,14,14,96,91.6,41.3292,89.5466,62.6,13,11.2,100,90.9,66,25.7816,0,13,5.994,0,91.6,100,801.373,0,0
125.439,824,6.90176,6.87978,3883,28.7,14,14,96,91.4,41.3292,89.5466,62.6,13,11.2,100,90.8,66,25.7816,0,0,5.994,0,91.4,100,825.375,0,0
125.458,825,6.90176,6.90908,3890,28.8,14,14,96,91.4,41.2737,89.5466,62.6,13,11.2,100,90.9,66,25.7816,0,-13,5.994,0,91.4,100,873.377,0,0
125.478,825,6.88577,6.87978,3887,28.7,14,14,96,91.5,41.2737,89.2689,62.6,13,11.2,100,90.9,66,25.7816,0,6,5.994,0,91.5,100,892.045,0,0
125.499,825,6.87978,6.94105,3892,28.8,14,14,96,91.3,41.2737,89.2689,62.6,13.1,11.2,100,90.8,66,25.7816,0,-6,5.994,0,91.3,100,984.716,0,0
125.519,825,6.87978,6.91774,3907,28.8,14,14,96,91.7,41.2737,89.2689,62.6,13.1,11.2,100,91.1,66,25.7816,0,0,5.994,0,91.7,100,926.713,0,0
125.54,825,6.90376,6.87312,3907,28.8,14,14,96,91.5,41.2737,89.2689,62.6,13.1,11.2,100,91.1,66,25.7816,0,6,5.994,0,91.5,100,807.374,0,0
125.561,825,6.90376,6.93373,3907,28.8,14,14,96,91.3,41.2737,89.1578,62.6,13.1,11.2,100,90.9,66,25.7816,0,0,5.994,0,91.3,100,1001.38,0,0
125.581,825,6.8891,6.92707,3913,28.9,14,14,96,91.3,41.2737,89.1578,62.6,12.8,11.2,100,91.2,66,25.7816,0,-6,5.994,0,91.3,100,858.043,0,0
125.601,825,6.88178,6.85913,3915,28.9,14,14,96,91.3,41.2737,89.1578,62.6,12.8,11.2,100,91,66,25.7816,0,0,5.994,0,91.3,100,880.044,0,0
125.621,825,6.87312,6.90376,3917,29,14,14,96,91.2,41.2181,89.2133,62.6,12.8,11.2,100,90.9,66,25.7816,0,-6,5.994,0,91.2,100,980.049,0,0
125.642,825,6.89776,6.91974,3928,29,14,14,96,91.6,41.2181,89.2133,62.6,12.9,11.2,100,91.2,66,25.7816,0,13,5.994,0,91.6,100,926.046,0,0
125.661,825,6.89776,6.85181,3927,29,14,14,96,91.4,41.2181,89.2133,62.6,12.9,11.2,100,91.1,66,25.7816,0,13,5.994,0,91.4,100,812.041,0,0
125.682,825,6.88178,6.91308,3932,29,14,14,96,91.2,41.2737,89.2133,62.6,12.9,11.2,100,91,66,25.7816,0,-13,5.994,0,91.2,100,800.707,0,0
125.701,825,6.90575,6.91308,3940,29,14,14,96,91.5,41.2737,89.1022,62.6,12.9,11.2,100,91.2,66,25.7816,0,13,5.994,0,91.5,100,1043.39,0,0
125.719,825,6.8911,6.88178,3940,29.1,14,14,96,91.2,41.2737,89.1022,62.6,13.2,11.2,100,91.1,66,25.7816,0,0,5.994,0,91.2,100,899.378,0,0
125.739,825,6.89976,6.91308,3940,29.1,14,14,96,91.3,41.2737,89.1022,62.6,13.2,11.2,100,91.2,66,25.7816,0,6,5.994,0,91.3,100,849.376,0,0
125.76,825,6.90575,6.8911,3944,29.1,14,14,96,91.6,41.2181,89.1022,62.6,13.2,11.2,100,91.4,66,25.7816,0,6,5.994,0,91.6,100,887.378,0,0
125.781,825,6.87712,6.86113,3952,29.1,14,14,96,91.3,41.2181,89.0467,62.6,13.2,11.2,100,91.2,66,25.7816,0,13,5.994,0,91.3,100,844.709,0,0
125.8,825,6.87712,6.92174,3953,29.1,14,14,96,91.1,41.2181,89.0467,62.6,13.3,11.2,100,91.1,66,25.7816,0,-13,5.994,0,91.1,100,866.71,0,0
125.819,825,6.89976,6.87712,3961,29.1,14,14,96,91.5,41.2181,89.0467,62.6,13.3,11.3,100,91.4,66,25.7816,0,13,5.994,0,91.5,100,918.046,0,0
125.84,825,6.87712,6.87712,3965,29.2,14,14,96,91.1,41.107,89.2689,62.6,13.3,11.3,100,91.1,66,25.7816,0,-13,5.994,0,91.1,100,948.714,0,0
125.861,825,6.88577,6.91508,3965,29.2,14,14,96,91.1,41.107,89.2689,62.7,13.1,11.3,100,91.2,66,25.7816,9.8,-13,5.994,0,91.1,100,832.708,0,0
125.881,825,6.88577,6.86979,3970,29.2,14,14,96,91.4,41.107,89.2689,62.7,13.1,11.3,100,91.4,66,25.7816,0,0,5.994,0,91.4,100,830.708,0,0
125.9,825,6.88577,6.86979,3976,29.3,14,14,96,91.1,41.0515,89.2689,62.7,13.1,11.3,100,91.1,66,25.7816,0,0,5.994,0,91.1,100,812.707,0,0
125.919,825,6.88577,6.92374,3980,29.3,14,14,96,91.1,41.0515,89.1578,62.7,13.1,11.3,100,91.3,66,25.7816,0,0,5.994,0,91.1,100,829.375,0,0
125.94,825,6.88577,6.86979,3978,29.3,14,14,96,91.3,41.0515,89.1578,62.8,13.1,11.3,100,91.4,66,25.7816,0,0,5.994,0,91.3,100,837.375,0,0
125.961,825,6.87911,6.86313,3982,29.3,14,14,96,90.9,41.0515,89.1578,62.8,13.1,11.3,100,91.1,66,25.7816,0,-6,5.994,0,90.9,100,940.047,0,0
125.981,825,6.87911,6.90908,3996,29.4,14,14,96,91,41.107,89.1578,62.8,13.1,11.3,100,91.3,66,25.7816,0,-6,5.994,0,91,100,1077.39,0,0
126.001,825,6.8951,6.87179,3992,29.3,14,14,96,91.6,41.107,89.1022,62.8,13.1,11.3,100,91.7,66,25.7816,0,6,5.994,0,91.6,100,901.378,0,0
126.02,825,6.90908,6.87911,3996,29.4,14,14,96,91.1,41.107,89.1022,62.8,13.3,11.3,100,91.3,66,25.7816,0,-6,5.994,0,91.1,100,844.042,0,0
126.039,825,6.8951,6.91708,4004,29.4,14,14,96,91.1,41.107,89.1022,62.8,13.3,11.3,100,91.4,66,25.7816,0,0,5.994,0,91.1,100,861.376,0,0
126.059,825,6.87911,6.87179,4001,29.4,14,14,96,91.4,41.0515,89.0467,62.8,13.3,11.3,100,91.6,66,25.7816,-10,-6,5.994,0,91.4,100,802.707,0,0
126.078,825,6.87911,6.87179,4009,29.4,14,14,96,90.9,41.0515,89.0467,62.8,13.5,11.3,100,91.2,66,25.7816,10.4,0,5.994,0,90.9,100,1084.05,0,0
126.099,825,6.8951,6.92573,4010,29.4,14,14,96,91.1,41.0515,89.0467,62.8,13.5,11.3,100,91.4,66,25.7816,0,0,5.994,0,91.1,100,910.712,0,0
126.119,825,6.90376,6.87911,4013,29.4,14,14,96,91.3,41.0515,89.0467,62.8,13.5,11.3,100,91.6,66,25.7816,0,0,5.994,0,91.3,100,812.041,0,0
126.138,825,6.88777,6.87179,4020,29.4,14,14,96,90.9,40.9959,89.0467,62.8,13.5,11.3,100,91.3,66,25.7816,0,-6,5.994,0,90.9,100,921.379,0,0
126.159,825,6.88777,6.92573,4020,29.4,14,14,96,91.1,40.9959,89.0467,62.8,13.4,11.3,100,91.5,66,25.7816,0,6,5.994,0,91.1,100,907.379,0,0
126.179,825,6.8971,6.87179,4028,29.3,14,14,96,91.3,40.9959,89.0467,62.8,13.4,11.3,100,91.7,66,25.7816,0,-6,5.994,0,91.3,100,996.716,0,0
126.2,825,6.91308,6.8971,4031,29.3,14,14,96,91,41.0515,89.0467,62.8,13.4,11.3,100,91.5,66,25.7816,0,6,5.994,0,91,100,935.38,0,0
126.219,825,6.88111,6.91308,4030,29.4,14,14,96,90.9,41.0515,89.0467,62.8,13.4,11.3,100,91.4,66,25.7816,0,0,5.994,0,90.9,100,1054.72,0,0
126.239,825,6.91308,6.8971,4035,29.3,14,14,96,91.1,41.0515,89.0467,62.8,13.5,11.3,100,91.6,66,25.7816,0,13,5.994,0,91.1,100,1000.72,0,0
126.26,825,6.88977,6.88977,4045,29.4,14,14,96,90.9,41.0515,89.0467,62.8,13.5,11.3,100,91.5,66,25.7816,0,-13,5.994,0,90.9,100,926.046,0,0
126.281,825,6.90575,6.93506,4048,29.3,14,14,96,91,41.0515,88.9356,62.8,13.5,11.3,100,91.6,66,25.7816,0,-6,5.994,0,91,100,1044.72,0,0
126.301,825,6.88977,6.91308,4056,29.3,14,14,96,91.1,41.0515,88.9356,62.8,13.6,11.3,100,91.7,66,25.7816,-9.3,-6,5.994,0,91.1,100,876.044,0,0
126.32,825,6.89909,6.88311,4059,29.4,14,14,96,90.9,41.0515,88.9356,62.8,13.6,11.3,100,91.6,66,25.7816,0,0,5.994,0,90.9,100,990.716,0,0
126.341,825,6.89909,6.91308,4057,29.4,14,14,96,90.9,41.0515,88.9356,62.8,13.6,11.3,100,91.6,66,25.7816,0,0,5.994,0,90.9,100,906.045,0,0
126.361,825,6.89909,6.90575,4067,29.3,14,14,96,91,40.9959,88.9356,62.8,13.6,11.3,100,91.7,66,25.7816,0,0,5.994,0,91,100,1068.72,0,0
126.381,825,6.89177,6.86113,4071,29.4,14,14,96,90.8,40.9959,88.9356,62.8,13.4,11.3,100,91.6,66,25.7816,0,0,5.994,0,90.8,100,842.709,0,0
126.402,825,6.87578,6.89909,4065,29.4,14,14,96,90.7,40.9959,88.9356,62.8,13.4,11.3,100,91.4,66,25.7816,0,-6,5.994,0,90.7,100,847.376,0,0
126.423,825,6.87578,6.90575,4075,29.3,14,14,96,91,40.9403,88.9356,62.8,13.4,11.3,100,91.7,66,25.7816,0,0,5.994,0,91,100,858.043,0,0
126.444,825,6.87578,6.87578,4077,29.3,14,14,96,90.7,40.9403,88.9356,62.8,13.4,11.3,100,91.5,66,25.7816,0,-6,5.994,0,90.7,100,896.711,0,0
126.463,826,6.88511,6.87578,4081,29.3,14,14,96,90.7,40.9403,88.9356,62.8,13.3,11.3,100,91.5,66,25.7816,0,0,5.994,0,90.7,100,881.377,0,0
126.483,826,6.87578,6.89909,4091,29.3,14,14,96,90.8,40.9403,88.9356,62.8,13.3,11.3,100,91.7,66,25.7816,-9.4,6,5.994,0,90.8,100,923.38,0,0
126.504,826,6.88511,6.86912,4098,29.3,14,14,96,91,40.8848,88.9356,62.6,13.3,11.3,100,91.9,66,25.7816,9.1,-6,5.994,0,91,100,851.376,0,0
126.525,826,6.87778,6.86313,4103,29.3,14,14,96,90.5,40.8848,88.9356,62.8,13.2,11.4,100,91.5,66,25.7816,10.7,-6,5.994,0,90.5,100,858.043,0,0
126.544,826,6.88511,6.88511,4095,29.3,14,14,96,90.7,40.8848,88.9356,62.5,13.2,11.4,100,91.6,66,25.7816,-30.8,6,5.994,0,90.7,100,1074.72,0,0
126.563,826,6.87778,6.83782,4099,29.3,14,14,96,90.8,40.8848,88.9356,62.6,13.2,11.5,100,91.7,66,25.7816,0,-6,5.994,0,90.8,100,920.713,0,0
126.583,826,6.88511,6.84715,4107,29.4,14,14,96,90.5,40.8293,89.1022,62.8,13.2,11.6,100,91.5,66,25.7816,0,-13,5.994,0,90.5,100,880.044,0,0
126.603,826,6.87778,6.90109,4104,29.3,14,14,96,90.6,40.8293,89.1022,62.7,13,11.6,100,91.6,66,25.7816,-10.1,6,5.994,0,90.6,100,854.709,0,0
126.622,826,6.88511,6.87778,4111,29.3,14,14,96,90.7,40.8293,89.1022,62.8,13,11.6,100,91.7,66,25.7816,9.3,6,5.994,0,90.7,100,842.709,0,0
126.641,826,6.89377,6.83982,4120,29.4,14,14,96,90.4,40.7737,89.1022,62.8,13,11.6,100,91.5,66,25.7816,0,-20,5.994,0,90.4,100,842.042,0,0
126.661,826,6.87112,6.87112,4123,29.3,14,14,96,90.5,40.7737,89.1578,62.8,13,11.6,100,91.6,66,25.7816,0,6,5.994,0,90.5,100,844.709,0,0
126.682,826,6.87778,6.87112,4129,29.3,14,14,96,90.7,40.7737,89.1578,62.8,13.3,11.6,100,91.8,66,25.7816,0,6,5.994,0,90.7,100,840.042,0,0
126.703,826,6.86513,6.83982,4132,29.3,14,14,96,90.4,40.7737,89.1578,62.8,13.3,11.6,100,91.6,66,25.7816,0,0,5.994,0,90.4,100,924.713,0,0
126.721,826,6.84914,6.88711,4141,29.3,14,14,96,90.1,40.7737,89.1578,62.8,13.3,11.6,100,91.3,66,25.7816,0,-6,5.994,0,90.1,100,1020.72,0,0
126.741,826,6.83316,6.87112,4145,29.3,14,14,96,90.5,40.7737,89.1022,62.8,13.3,11.6,100,91.7,66,25.7816,0,-6,5.994,0,90.5,100,1066.72,0,0
126.76,826,6.84914,6.83316,4144,29.3,14,14,96,90.4,40.7737,89.1022,62.8,13.3,11.6,100,91.6,66,25.7816,-10,6,5.994,0,90.4,100,892.045,0,0
126.779,826,6.86513,6.88711,4142,29.3,14,14,96,90.3,40.7737,89.1022,62.8,13.3,11.6,100,91.5,66,25.7816,0,0,5.994,0,90.3,100,1004.05,0,0
126.8,826,6.86513,6.87112,4150,29.3,14,14,96,90.5,40.7182,89.1022,62.9,13.3,11.6,100,91.7,66,25.7816,10.7,0,5.994,0,90.5,100,1088.72,0,0
126.82,826,6.87978,6.83316,4152,29.3,14,14,96,90.5,40.7182,89.1578,62.9,13.3,11.6,100,91.8,66,25.7816,0,14,5.994,0,90.5,100,851.376,0,0
126.839,826,6.8578,6.87978,4152,29.3,14,14,96,90.1,40.7182,89.1578,62.9,13.1,11.6,100,91.4,66,25.7816,0,-13,5.994,0,90.1,100,944.714,0,0
126.859,826,6.8578,6.86513,4161,29.3,14,14,96,90.2,40.7182,89.1578,62.8,13.1,11.6,100,91.5,66,25.7816,0,-6,5.994,0,90.2,100,854.043,0,0
126.88,826,6.86513,6.84182,4167,29.3,14,14,96,90.4,40.6626,89.2133,62.8,13.1,11.6,100,91.7,66,25.7816,0,14,5.994,0,90.4,100,968.048,0,0
126.899,826,6.87312,6.84182,4174,29.3,14,14,96,90.2,40.6626,89.2133,62.7,13.3,11.6,100,91.5,66,25.7816,-10,0,5.994,0,90.2,100,1051.39,0,0
126.92,826,6.87312,6.8891,4178,29.2,14,14,96,90.5,40.6626,89.2133,62.8,13.3,11.6,100,91.9,66,25.7816,10,7,5.994,0,90.5,100,890.044,0,0
126.939,826,6.8578,6.85114,4172,29.3,14,14,96,90.3,40.6626,89.2133,62.8,13.3,11.6,100,91.7,66,25.7816,0,-13,5.994,0,90.3,100,1008.72,0,0
126.96,826,6.8578,6.83516,4177,29.3,14,14,96,90.1,40.6626,89.1022,62.8,13.3,11.6,100,91.5,66,25.7816,-9.8,0,5.994,0,90.1,100,892.045,0,0
126.981,826,6.8578,6.87312,4181,29.3,14,14,96,90.3,40.6626,89.1022,62.8,13.2,11.6,100,91.7,66,25.7816,0,7,5.994,0,90.3,100,894.711,0,0
127,826,6.8578,6.88178,4195,29.2,14,14,96,90.4,40.6626,89.1022,62.8,13.2,11.6,100,91.9,66,25.7816,0,0,5.994,0,90.4,100,1058.72,0,0
127.02,826,6.85114,6.82983,4197,29.3,14,14,96,90.2,40.6071,89.1022,62.8,13.2,11.6,100,91.7,66,25.7816,0,0,5.994,0,90.2,100,858.043,0,0
127.041,826,6.86713,6.88178,4194,29.3,14,14,96,90,40.6071,89.1578,62.7,13.2,11.6,100,91.5,66,25.7816,0,6,5.994,0,90,100,944.714,0,0
127.062,826,6.85114,6.86713,4201,29.3,14,14,96,90.1,40.6071,89.1578,62.8,12.8,11.6,100,91.6,66,25.7816,9.1,-7,5.994,0,90.1,100,1037.39,0,0
127.081,826,6.84382,6.82983,4205,29.3,14,14,96,90,40.6071,89.1578,62.8,12.8,11.6,100,91.5,66,25.7816,0,0,5.994,0,90,100,988.716,0,0
127.101,826,6.82783,6.84315,4211,29.3,14,14,96,89.7,40.6071,89.1022,62.8,12.8,11.6,100,92,66,25.7816,0,-7,5.994,0,89.7,100,961.381,0,0
127.122,826,6.84382,6.8598,4212,29.3,14,14,96,90.1,40.6071,89.1022,62.8,12.8,11.7,100,91.7,66,25.7816,0,7,5.994,0,90.1,100,858.043,0,0
127.143,826,6.84382,6.8598,4224,29.3,14,14,96,90.2,40.6071,89.1022,62.7,12.9,11.7,100,91.8,66,25.7816,-9.6,0,5.994,0,90.2,100,877.377,0,0
127.163,826,6.8598,6.83915,4221,29.3,14,14,96,90.2,40.6071,89.1022,62.8,12.9,11.7,100,91.8,66,25.7816,10.1,7,5.994,0,90.2,100,829.375,0,0
127.184,826,6.83716,6.84382,4230,29.3,14,14,96,89.8,40.6071,89.0467,62.9,12.9,11.7,100,92,66,25.7816,9.8,-13,5.994,0,89.8,100,915.379,0,0
127.203,826,6.85314,6.85314,4234,29.3,14,14,96,89.9,40.6071,89.0467,62.8,13,11.7,100,91.8,66,25.7816,0,-14,5.994,0,89.9,100,854.709,0,0
127.223,826,6.83915,6.84315,4234,29.3,14,14,96,89.9,40.6071,89.0467,62.8,13,11.7,100,91.8,66,25.7816,0,0,5.994,0,89.9,100,848.709,0,0
127.243,826,6.84981,6.8598,4242,29.3,14,14,96,89.6,40.5515,89.0467,62.8,13,11.7,100,92.3,66,25.7816,0,-7,5.994,0,89.6,100,934.713,0,0
127.264,826,6.85181,6.83716,4241,29.3,14,14,96,89.7,40.5515,89.1578,62.8,13,11.8,100,92.2,66,25.7816,0,-21,5.994,0,89.7,100,873.377,0,0
127.284,826,6.84781,6.84781,4245,29.3,14,14,96,89.9,40.5515,89.1578,62.8,13.5,11.8,100,91.9,66,25.7816,-9.8,14,5.994,0,89.9,100,836.708,0,0
127.305,826,6.84781,6.85181,4246,29.3,14,14,96,89.9,40.5515,89.1578,62.8,13.5,11.8,100,91.9,66,25.7816,0,0,5.994,0,89.9,100,851.376,0,0
127.324,826,6.84981,6.83716,4245,29.3,14,14,96,89.6,40.5515,89.1022,62.8,13.5,11.8,100,92.4,66,25.7816,0,-7,5.994,0,89.6,100,836.708,0,0
127.343,826,6.84581,6.84581,4259,29.3,14,14,96,89.7,40.5515,89.1022,62.8,13.3,11.8,100,92.3,66,25.7816,0,-21,5.994,0,89.7,100,884.044,0,0
127.363,826,6.86912,6.87312,4262,29.3,14,14,96,89.6,40.5515,89.1022,62.9,13.3,11.8,100,92.4,66,25.7816,10.2,-7,5.994,0,89.6,100,921.379,0,0
127.384,826,6.8578,6.87112,4266,29.3,14,14,96,89.5,40.5515,89.1022,62.9,13.3,11.8,100,92.6,66,25.7816,9.4,14,5.994,0,89.5,100,1107.39,0,0
127.405,826,6.8598,6.8578,4266,29.3,14,14,96,89.7,40.496,89.1578,62.8,13.3,11.8,100,92.3,66,25.7816,0,-7,5.994,0,89.7,100,884.711,0,0
127.424,826,6.86912,6.86912,4275,29.3,14,14,96,89.6,40.496,89.1578,62.8,13.4,11.8,100,92.5,66,25.7816,10.2,-7,5.994,0,89.6,100,1083.39,0,0
127.445,826,6.87978,6.88311,4274,29.3,14,14,96,89.7,40.496,89.1578,62.8,13.4,11.8,100,92.4,66,25.7816,0,14,5.994,0,89.7,100,955.381,0,0
127.465,827,6.87778,6.8578,4287,29.3,14,14,96,89.4,40.5515,89.1578,62.8,13.4,11.8,100,92.9,66,25.7816,0,-7,5.994,0,89.4,100,940.714,0,0
127.484,827,6.87778,6.87778,4287,29.3,14,14,96,89.5,40.5515,89.1022,62.8,13.4,11.8,100,92.7,66,25.7816,-9,-7,5.994,0,89.5,100,1030.72,0,0
127.505,827,6.87978,6.89377,4284,29.3,14,14,96,89.5,40.5515,89.1022,62.7,13.2,11.8,100,92.7,66,25.7816,-10.2,0,5.994,0,89.5,100,828.041,0,0
127.526,827,6.87978,6.89177,4292,29.3,14,14,96,89.3,40.5515,89.1022,62.7,13.2,11.8,100,93.1,66,25.7816,-9.5,0,5.994,0,89.3,100,920.713,0,0
127.545,827,6.89177,6.88777,4290,29.3,14,14,96,89.3,40.496,89.1578,62.7,13.2,11.8,100,93.1,66,25.7816,0,-21,5.994,0,89.3,100,885.378,0,0
127.566,827,6.89177,6.88178,4300,29.3,14,14,96,89.4,40.496,89.1578,62.7,13.3,11.8,100,92.9,66,25.7816,0,0,5.994,0,89.4,100,886.711,0,0
127.585,827,6.88977,6.89177,4303,29.3,14,14,96,89.4,40.496,89.1578,62.7,13.3,11.8,100,93,66,25.7816,0,0,5.994,0,89.4,100,885.378,0,0
127.605,827,6.90109,6.90376,4302,29.3,14,14,96,89.1,40.4404,89.1578,62.6,13.3,11.8,100,93.5,66,25.7816,0,-7,5.994,0,89.1,100,858.71,0,0
127.625,827,6.88711,6.89909,4314,29.3,14,14,96,89.3,40.4404,89.1022,62.7,13.3,11.8,100,93.3,66,25.7816,9.7,-21,5.994,0,89.3,100,935.38,0,0
127.645,827,6.90109,6.91308,4315,29.3,14,14,96,89.3,40.4404,89.1022,62.7,13.2,11.8,100,93.3,66,25.7816,-9.7,0,5.994,0,89.3,100,1042.05,0,0
127.665,827,6.91974,6.91308,4320,29.3,14,14,96,89.3,40.4404,89.1022,62.7,13.2,11.8,100,93.4,66,25.7816,-9.7,7,5.994,0,89.3,100,884.044,0,0
127.686,827,6.91974,6.91108,4320,29.3,14,14,96,89.2,40.3848,89.1022,62.7,13.2,11.8,100,93.6,66,25.7816,-9.8,-7,5.994,0,89.2,100,823.375,0,0
127.707,827,6.90975,6.90975,4328,29.3,14,14,96,89.3,40.3848,89.0467,62.7,13.2,11.8,100,93.4,66,25.7816,-9.6,7,5.994,0,89.3,100,888.711,0,0
127.727,827,6.91774,6.92174,4325,29.3,14,14,96,89.3,40.3848,89.0467,62.7,13.3,11.8,100,93.5,66,25.7816,-9.7,7,5.994,0,89.3,100,850.042,0,0
127.748,827,6.91974,6.92707,4334,29.4,14,14,96,88.8,40.3848,89.0467,62.6,13.3,11.8,100,94.2,66,25.7816,-9.8,-7,5.994,0,88.8,100,962.048,0,0
127.769,827,6.92973,6.91974,4337,29.3,14,14,96,89.1,40.3293,89.0467,62.6,13.3,11.8,100,93.9,66,25.7816,0,0,5.994,0,89.1,100,908.712,0,0
127.79,827,6.92906,6.92707,4346,29.3,14,14,96,89.3,40.3293,89.0467,62.6,13,11.8,100,93.7,66,25.7816,0,7,5.994,0,89.3,100,877.377,0,0
127.809,827,6.93905,6.92973,4345,29.3,14,14,96,89.1,40.3293,89.0467,62.7,13,11.8,100,94,66,25.7816,0,0,5.994,0,89.1,100,869.377,0,0
127.829,827,6.94172,6.94372,4349,29.4,14,14,96,88.8,40.3293,89.0467,62.7,13,11.8,100,94.4,66,25.7816,0,-14,5.994,0,88.8,100,1077.39,0,0
127.85,827,6.93905,6.93706,4352,29.3,14,14,96,89.1,40.3293,88.9356,62.8,13,11.8,100,94.1,66,25.7816,0,-14,5.994,0,89.1,100,876.711,0,0
127.869,827,6.93572,6.94571,4361,29.3,14,14,96,89.2,40.3293,88.9356,62.8,13,11.8,100,94,66,25.7816,0,14,5.994,0,89.2,100,887.378,0,0
127.89,827,6.94771,6.95304,4362,29.3,14,14,96,89.1,40.3293,88.9356,62.7,13,11.8,100,94.2,66,25.7816,-9.6,14,5.994,0,89.1,100,912.046,0,0
127.911,827,6.9577,6.96103,4365,29.4,14,14,96,88.8,40.2738,89.1022,62.7,13,11.8,100,94.7,66,25.7816,0,-7,5.994,0,88.8,100,876.711,0,0
127.931,827,6.9597,6.95704,4369,29.3,14,14,96,88.9,40.2738,89.1022,62.8,13.2,11.8,100,94.6,66,25.7816,9.7,-15,5.994,0,88.9,100,866.71,0,0
127.952,827,6.96503,6.9577,4371,29.3,14,14,96,89,40.2738,89.1022,62.8,13.2,11.8,100,94.5,66,25.7816,0,14,5.994,0,89,100,882.711,0,0
127.973,827,6.96969,6.95704,4374,29.3,14,14,96,88.8,40.2738,89.1022,62.8,13.2,11.8,100,94.8,66,25.7816,0,0,5.994,0,88.8,100,881.377,0,0
127.993,827,6.96969,6.96569,4381,29.4,14,14,96,88.6,40.2738,89.0467,62.8,13.2,11.8,100,95.1,66,25.7816,9.7,0,5.994,0,88.6,100,860.71,0,0
128.013,827,6.96703,6.96703,4380,29.3,14,14,96,89,40.2738,89.0467,62.8,12.9,11.8,100,94.6,66,25.7816,9.7,0,5.994,0,89,100,870.71,0,0
128.035,827,6.96503,6.96703,4391,29.3,14,14,96,89,40.2738,89.0467,62.8,12.9,11.8,100,94.6,66,25.7816,9.8,7,5.994,0,89,100,840.709,0,0
128.056,827,6.97568,6.97502,4392,29.3,14,14,96,89,40.3293,89.0467,62.8,12.9,11.8,100,94.7,66,25.7816,0,14,5.994,0,89,100,881.377,0,0
128.075,827,6.97302,6.97502,4398,29.4,14,14,96,88.6,40.3293,88.9356,62.8,12.9,11.8,100,95.2,66,25.7816,9.7,-22,5.994,0,88.6,100,1077.39,0,0
128.095,827,6.98168,6.98168,4402,29.3,14,14,96,88.7,40.3293,88.9356,62.8,12.9,11.8,100,95.3,66,25.7816,9.7,-7,5.994,0,88.7,100,846.042,0,0
128.115,827,6.98701,6.98701,4405,29.3,14,14,96,88.8,40.3293,88.9356,62.8,12.9,11.8,100,95.1,66,25.7816,0,7,5.994,0,88.8,100,891.378,0,0
128.135,827,6.98368,6.98301,4409,29.3,14,14,96,89,40.2738,88.9356,62.8,12.9,11.8,100,94.9,66,25.7816,0,22,5.994,0,89,100,890.711,0,0
128.156,827,6.99566,6.98368,4411,29.4,14,14,96,88.5,40.2738,88.9356,62.8,13,11.8,100,95.6,66,25.7816,9.7,-14,5.994,0,88.5,100,902.712,0,0
128.176,827,6.99566,6.99566,4418,29.3,14,14,96,88.8,40.2738,88.9356,62.8,13,11.8,100,95.2,66,25.7816,0,7,5.994,0,88.8,100,906.712,0,0
128.196,827,6.99566,6.991,4417,29.3,14,14,96,88.7,40.2738,88.9356,62.8,13,11.8,100,95.4,66,25.7816,9.6,0,5.994,0,88.7,100,910.712,0,0
128.215,827,7.00099,6.995,4428,29.3,14,14,96,88.5,40.2738,88.88,62.8,13,11.8,100,95.7,66,25.7816,0,-7,5.994,0,88.5,100,927.38,0,0
128.236,827,6.99367,6.99367,4424,29.4,14,14,96,88.5,40.2738,88.88,62.8,13.1,11.8,100,95.7,66,25.7816,0,0,5.994,0,88.5,100,1060.05,0,0
128.257,827,7.00765,7.00765,4439,29.3,14,14,96,88.6,40.2738,88.88,62.7,13.1,11.8,100,95.7,66,25.7816,-9.7,-7,5.994,0,88.6,100,947.381,0,0
128.277,827,7.00099,7.00366,4438,29.3,14,14,96,88.6,40.2182,88.88,62.7,13.1,11.8,100,95.7,66,25.7816,0,0,5.994,0,88.6,100,900.712,0,0
128.297,827,7.00898,7.00366,4436,29.3,14,14,96,88.7,40.2182,88.9356,62.8,13.1,11.8,100,95.6,66,25.7816,0,7,5.994,0,88.7,100,915.379,0,0
128.316,827,7.00765,7.00765,4437,29.3,14,14,96,88.6,40.2182,88.9356,62.8,13.1,11.8,100,95.7,66,25.7816,0,0,5.994,0,88.6,100,936.714,0,0
128.337,827,7.02164,7.00765,4451,29.3,14,14,96,88.6,40.2182,88.9356,62.7,13.1,11.8,100,95.9,66,25.7816,-9.7,-15,5.994,0,88.6,100,1063.39,0,0
128.357,827,7.01764,7.01365,4452,29.3,14,14,96,88.7,40.1627,88.9356,62.6,13.1,11.8,100,95.8,66,25.7816,-9.7,0,5.994,0,88.7,100,927.38,0,0
128.375,827,7.01964,7.01698,4459,29.3,14,14,96,88.5,40.1627,88.9356,62.6,13.1,11.8,100,96.1,66,25.7816,0,0,5.994,0,88.5,100,1061.39,0,0
128.394,827,7.01964,7.01964,4451,29.3,14,14,96,88.5,40.1627,88.9356,62.8,13.1,11.8,100,96,66,25.7816,18.3,0,5.994,0,88.5,100,924.046,0,0
128.415,827,7.01964,7.01964,4459,29.3,14,14,96,88.5,40.1627,88.9356,62.8,13.1,11.8,100,96,66,25.7816,9.5,0,5.994,0,88.5,100,1066.05,0,0
128.435,827,7.03096,7.01964,4459,29.3,14,14,96,88.8,40.1071,88.9356,62.8,13.1,11.8,100,95.8,66,25.7816,9.8,22,5.994,0,88.8,100,896.045,0,0
128.454,828,7.02164,7.02164,4469,29.4,14,14,96,88.3,40.1071,88.9356,62.6,13.2,11.8,100,96.3,66,25.7816,0,-38,5.994,0,88.3,100,1092.72,0,0
128.475,828,7.02963,7.02763,4473,29.3,14,14,96,88.4,40.1071,88.9356,62.5,13.2,11.8,100,96.3,66,25.7816,9.6,0,5.994,0,88.4,100,880.711,0,0
128.496,828,7.03762,7.03096,4486,29.3,14,14,96,88.3,40.1071,88.9356,62.5,13.2,11.8,100,96.5,66,25.7816,0,0,5.994,0,88.3,100,967.382,0,0
128.515,828,7.03163,7.04162,4481,29.4,14,14,96,88.3,40.1071,88.88,62.4,13.2,11.8,100,96.6,66,25.7816,-8.8,7,5.994,0,88.3,100,859.376,0,0
128.536,828,7.04162,7.04162,4479,29.4,14,14,96,88,40.1071,88.88,62.4,13,11.8,100,96.8,66,25.7816,0,-14,5.994,0,88,100,1076.72,0,0
128.557,828,7.04162,7.03163,4482,29.4,14,14,96,88.1,40.1071,88.88,62.4,13,11.8,100,96.8,66,25.7816,-9.6,-7,5.994,0,88.1,100,910.046,0,0
128.577,828,7.03962,7.03762,4495,29.4,14,14,96,88.2,40.0516,88.9356,62.4,13,11.8,100,96.8,66,25.7816,-9.5,-7,5.994,0,88.2,100,905.379,0,0
128.598,828,7.04961,7.04162,4496,29.3,14,14,96,88.3,40.0516,88.9356,62.4,13.4,11.8,100,96.7,66,25.7816,-19.2,0,5.994,0,88.3,100,898.712,0,0
128.617,828,7.04761,7.04162,4502,29.3,14,14,96,88.3,40.0516,88.9356,62.4,13.4,11.8,100,96.7,66,25.7816,-9.6,0,5.994,0,88.3,100,1046.05,0,0
128.637,828,7.04162,7.04761,4497,29.4,14,14,96,88,40.0516,88.9356,62.6,13.4,11.8,100,97,66,25.7816,0,-14,5.994,0,88,100,890.711,0,0
128.657,828,7.04761,7.04761,4503,29.4,14,14,96,88,40.0516,89.1022,62.6,13.4,11.8,100,97,66,25.7816,0,-22,5.994,0,88,100,910.046,0,0
128.678,828,7.04162,7.05161,4501,29.4,14,14,96,88.1,40.0516,89.1022,62.6,13.4,11.8,100,96.9,66,25.7816,0,7,5.994,0,88.1,100,876.711,0,0
128.698,828,7.06093,7.05161,4512,29.4,14,14,96,88.1,40.0516,89.1022,62.5,13.4,11.8,100,97,66,25.7816,0,15,5.994,0,88.1,100,966.715,0,0
128.719,828,7.06759,7.04961,4512,29.4,14,14,96,87.9,39.996,88.9356,62.6,13.4,11.8,100,97.2,66,25.7816,19,-7,5.994,0,87.9,100,1065.39,0,0
128.739,828,7.06093,7.06759,4522,29.4,14,14,96,87.9,39.996,88.9356,62.6,13.1,11.8,100,97.3,66,25.7816,19.5,-14,5.994,0,87.9,100,906.712,0,0
128.759,828,7.0596,7.05361,4518,29.4,14,14,96,88.1,39.996,88.9356,62.6,13.1,11.8,100,97.1,66,25.7816,0,15,5.994,0,88.1,100,960.048,0,0
128.779,828,7.0596,7.05361,4522,29.4,14,14,96,88.1,39.9405,88.9356,62.4,13.1,11.8,100,97.1,66,25.7816,-19.2,22,5.994,0,88.1,100,908.045,0,0
128.8,828,7.06759,7.06959,4530,29.4,14,14,96,87.9,39.9405,88.9356,62.5,13.1,11.8,100,97.4,66,25.7816,0,-7,5.994,0,87.9,100,902.045,0,0
128.821,828,7.06759,7.06759,4533,29.4,14,14,96,88,39.9405,88.9356,62.5,12.9,11.8,100,97.3,66,25.7816,-19.2,0,5.994,0,88,100,902.712,0,0
128.841,828,7.06959,7.06759,4542,29.4,14,14,96,88,39.9405,88.9356,62.5,12.9,11.8,100,97.3,66,25.7816,-19.2,-7,5.994,0,88,100,1090.05,0,0
128.861,828,7.07758,7.06493,4540,29.4,14,14,96,87.9,39.9405,88.9356,62.6,12.9,11.8,100,97.5,66,25.7816,0,15,5.994,0,87.9,100,920.046,0,0
128.882,828,7.06559,7.06493,4545,29.5,14,14,96,87.6,39.9405,88.9356,62.6,12.9,11.8,100,97.7,66,25.7816,0,-30,5.994,0,87.6,100,988.716,0,0
128.903,828,7.07159,7.06759,4545,29.5,14,14,96,87.6,39.9405,88.9356,62.5,12.8,11.8,100,97.8,66,25.7816,0,-22,5.994,0,87.6,100,867.377,0,0
128.924,828,7.07159,7.07891,4558,29.5,14,14,96,87.5,39.9405,88.9356,62.5,12.8,11.8,100,97.9,66,25.7816,10.7,-15,5.994,0,87.5,100,1079.39,0,0
128.943,828,7.14485,7.14152,4559,29.4,14,14,96,87.8,39.8849,89.1022,62.6,12.8,11.8,100,97.7,66,25.7816,20.8,23,5.994,0,87.8,100,898.712,0,0
128.963,828,7.14751,7.13486,4562,29.5,14,14,96,87.6,39.8849,89.1022,62.5,13,11.8,100,97.9,66,25.7816,-9.6,0,5.994,0,87.6,100,942.714,0,0
128.984,828,7.14751,7.15284,4563,29.5,14,14,96,87.4,39.8849,89.1022,62.5,13,11.8,100,98.1,66,25.7816,0,0,5.994,0,87.4,100,976.049,0,0
129.003,828,7.14884,7.1595,4565,29.5,14,14,96,87.5,39.8293,89.1022,62.4,13,11.7,100,98,66,25.7816,-9.7,-22,5.994,0,87.5,100,896.711,0,0
129.022,828,7.15351,7.1595,4567,29.4,14,14,96,88,39.8293,88.9356,62.4,13,11.7,100,97.6,66,25.7816,-9.7,22,5.994,0,88,100,971.382,0,0
129.043,828,7.15684,7.14152,4573,29.4,14,14,96,87.8,39.8293,88.9356,62.5,13,11.7,100,97.8,66,25.7816,-9.6,15,5.994,0,87.8,100,971.382,0,0
129.063,828,7.14884,7.14152,4581,29.5,14,14,96,87.4,39.8293,88.9356,62.6,13,11.7,100,98.1,66,25.7816,0,-23,5.994,0,87.4,100,892.045,0,0
129.083,828,7.15151,7.15684,4583,29.5,14,14,96,87.3,39.8293,88.9356,62.6,13,11.7,100,98.3,66,25.7816,9.7,-22,5.994,0,87.3,100,910.712,0,0
129.106,828,7.15684,7.16949,4590,29.4,14,14,96,87.9,39.8293,88.88,62.6,13,11.7,100,97.9,66,25.7816,19.7,22,5.994,0,87.9,100,913.379,0,0
129.125,828,7.1635,7.14884,4588,29.4,14,14,96,87.8,39.8293,88.88,62.6,12.9,11.6,100,97.9,66,25.7816,9.8,0,5.994,0,87.8,100,1069.39,0,0
129.145,828,7.15883,7.15151,4596,29.5,14,14,96,87.6,39.8293,88.88,62.5,12.9,11.6,100,98.2,66,25.7816,-9.7,15,5.994,0,87.6,100,1120.06,0,0
129.166,828,7.1595,7.1635,4596,29.5,14,14,96,87.3,39.8293,88.9356,62.5,12.9,11.6,100,98.4,66,25.7816,-19.5,-22,5.994,0,87.3,100,874.71,0,0
129.187,828,7.1595,7.1635,4600,29.5,14,14,96,87.3,39.8293,88.9356,62.6,12.8,11.5,100,98.4,66,25.7816,-9.4,-32,5.994,0,87.3,100,918.046,0,0
129.207,828,7.16683,7.16483,4607,29.5,14,14,96,87.6,39.8293,88.9356,62.6,12.8,11.5,100,98.2,66,25.7816,0,15,5.994,0,87.6,100,878.044,0,0
129.227,828,7.1635,7.1595,4602,29.5,14,14,96,87.7,39.7738,88.9356,62.6,12.8,11.5,100,98.1,66,25.7816,0,31,5.994,0,87.7,100,896.711,0,0
129.248,828,7.16683,7.16683,4613,29.5,14,14,96,87.5,39.7738,88.9356,62.7,12.8,11.4,100,98.3,66,25.7816,19.5,-15,5.994,0,87.5,100,1100.06,0,0
129.267,828,7.17349,7.17082,4614,29.5,14,14,96,87.4,39.7738,88.9356,62.6,13.1,11.4,100,98.3,66,25.7816,9.7,-7,5.994,0,87.4,100,884.044,0,0
129.288,828,7.17881,7.17881,4624,29.4,14,14,96,87.9,39.7738,88.9356,62.5,13.1,11.4,100,98.1,66,25.7816,-9.7,22,5.994,0,87.9,100,986.049,0,0
129.309,828,7.17482,7.16749,4632,29.5,14,14,96,87.6,39.7183,88.9356,62.5,13.1,11.4,100,98.4,66,25.7816,-19.7,-7,5.994,0,87.6,100,872.044,0,0
129.329,828,7.18281,7.16882,4631,29.5,14,14,96,87.6,39.7183,88.9356,62.6,13,11.4,100,98.4,66,25.7816,0,24,5.994,0,87.6,100,903.378,0,0
129.35,828,7.16749,7.16749,4622,29.5,14,14,96,87.4,39.7183,88.9356,62.4,13,11.4,100,98.5,66,25.7816,-19.7,-14,5.994,0,87.4,100,938.714,0,0
