localtime,seconds,pulseWidth1,pulseWidth2,rpm,advance,afrtgt1,afrtgt2,barometer,map,mat,coolant,tps,batteryVoltage,afr1,egoCorrection1,veCurr1,iacstep,idleDC,tpsDOT,mapDOT,dwell,mafmap,fuelload,fuelCorrection,looptime,synccnt,deltaT
98.8867,798,7.43922,7.43722,3064,23.7,14,14,96,92.7,46.4398,91.2131,62.3,13,10.8,100,98.9,66,25.7816,9.7,10,5.994,0,92.7,100,841.375,0,0
98.9077,798,7.43123,7.42457,3072,23.7,14,14,96,92.4,46.4398,91.2131,62.4,13.3,10.8,100,99,66,25.7816,0,-5,5.994,0,92.4,100,918.713,0,0
98.9287,798,7.43922,7.43922,3072,23.7,14,14,96,92.6,46.4398,91.2131,62.4,13.3,10.8,100,99,66,25.7816,0,5,5.994,0,92.6,100,760.038,0,0
98.9487,798,7.43922,7.43123,3073,23.7,14,14,96,92.5,46.3287,91.2131,62.5,13.3,10.8,100,99,66,25.7816,0,-5,5.994,0,92.5,100,912.046,0,0
98.9697,798,7.43123,7.43123,3077,23.8,14,14,96,92.5,46.3287,91.0465,62.4,13.3,10.8,100,99,66,25.7816,-9.6,0,5.994,0,92.5,100,929.38,0,0
98.9887,798,7.43123,7.42457,3083,23.8,14,14,96,92.5,46.3287,91.0465,62.4,13,10.8,100,99,66,25.7816,0,0,5.994,0,92.5,100,771.372,0,0
99.0097,798,7.43123,7.43922,3091,23.8,14,14,96,92.6,46.3287,91.0465,62.4,13,10.8,100,99,66,25.7816,0,5,5.994,0,92.6,100,796.04,0,0
99.0307,798,7.43123,7.43123,3090,23.8,14,14,96,92.5,46.3843,91.3242,62.4,13,10.8,100,99,66,25.7816,0,-9,5.994,0,92.5,100,756.038,0,0
99.0507,798,7.43123,7.43123,3097,23.9,14,14,96,92.5,46.3843,91.3242,62.4,13.3,10.8,100,99,66,25.7816,0,0,5.994,0,92.5,100,738.037,0,0
99.0707,798,7.43922,7.42457,3099,23.9,14,14,96,92.6,46.3843,91.3242,62.4,13.3,10.8,100,99,66,25.7816,0,-5,5.994,0,92.6,100,1092.72,0,0
99.0917,798,7.44655,7.44655,3104,23.9,14,14,96,92.7,46.3843,91.3242,62.5,13.3,10.8,100,99,66,25.7816,9.7,15,5.994,0,92.7,100,915.379,0,0
99.1127,798,7.43922,7.42457,3100,23.9,14,14,96,92.6,46.2176,91.2131,62.5,13.3,10.8,100,99,66,25.7816,0,19,5.994,0,92.6,100,696.701,0,0
99.1337,798,7.44655,7.44655,3105,23.9,14,14,96,92.4,46.2176,91.2131,62.5,13,10.8,100,99,66,25.7816,0,5,5.994,0,92.4,100,896.045,0,0
99.1547,798,7.43056,7.42457,3111,24,14,14,96,92.7,46.2176,91.2131,62.4,13,10.8,100,98.9,66,25.7816,-9.8,-5,5.994,0,92.7,100,755.371,0,0
99.1737,798,7.43722,7.43722,3123,24,14,14,96,92.5,46.2176,91.2131,62.4,13,10.8,100,98.9,66,25.7816,0,5,5.994,0,92.5,100,746.704,0,0
99.1927,798,7.43722,7.42257,3127,24.1,14,14,96,92.7,46.2176,91.1576,62.4,13,10.8,100,98.8,66,25.7816,0,0,5.994,0,92.7,100,744.037,0,0
99.2117,798,7.43722,7.43722,3129,24.1,14,14,96,92.5,46.2176,91.1576,62.3,13,10.8,100,98.8,66,25.7816,-9.7,0,5.994,0,92.5,100,747.371,0,0
99.2307,798,7.43056,7.42257,3131,24.1,14,14,96,92.7,46.2176,91.1576,62.4,13,10.8,100,98.8,66,25.7816,9.6,9,5.994,0,92.7,100,731.37,0,0
99.2507,798,7.43722,7.43722,3129,24.1,14,14,96,92.5,46.1621,91.102,62.4,13,10.8,100,98.8,66,25.7816,0,-10,5.994,0,92.5,100,760.038,0,0
99.2707,798,7.43722,7.43722,3136,24.1,14,14,96,92.7,46.1621,91.102,62.5,13.3,10.8,100,98.8,66,25.7816,0,10,5.994,0,92.7,100,774.705,0,0
99.2917,798,7.42856,7.42856,3148,24.1,14,14,96,92.7,46.1621,91.102,62.5,13.3,10.8,100,98.7,66,25.7816,0,0,5.994,0,92.7,100,755.371,0,0
99.3127,798,7.42856,7.42856,3155,24.2,14,14,96,92.7,46.051,91.102,62.5,13.3,10.8,100,98.7,66,25.7816,0,0,5.994,0,92.7,100,836.042,0,0
99.3317,798,7.41924,7.41458,3152,24.2,14,14,96,92.6,46.051,91.102,62.4,13.3,10.8,100,98.7,66,25.7816,0,-10,5.994,0,92.5,100,725.37,0,0
99.3507,798,7.42124,7.42856,3152,24.2,14,14,96,92.7,46.051,91.102,62.4,13.1,10.8,100,98.7,66,25.7816,0,10,5.994,0,92.7,100,729.37,0,0
99.3697,798,7.42856,7.41458,3146,24.2,14,14,96,92.5,46.051,91.102,62.3,13.1,10.8,100,98.7,66,25.7816,0,-10,5.994,0,92.5,100,742.037,0,0
99.3888,798,7.42856,7.42856,3146,24.2,14,14,96,92.7,46.1065,91.102,62.5,13.1,10.8,100,98.7,66,25.7816,8.9,10,5.994,0,92.7,100,756.705,0,0
99.4087,798,7.42856,7.41924,3167,24.3,14,14,96,92.7,46.1065,91.2131,62.5,13.1,10.8,100,98.6,66,25.7816,0,0,5.994,0,92.7,100,740.037,0,0
99.4277,798,7.41924,7.41058,3184,24.4,14,14,96,92.7,46.1065,91.2131,62.4,13.1,10.8,100,98.5,66,25.7816,-9.8,0,5.994,0,92.7,100,919.379,0,0
99.4467,798,7.41058,7.41058,3184,24.4,14,14,96,92.8,46.1065,91.2131,62.4,13.1,10.8,100,98.5,66,25.7816,0,5,5.994,0,92.8,100,934.047,0,0
99.4657,799,7.41857,7.41857,3182,24.4,14,14,96,92.8,46.051,91.1576,62.4,13.1,10.8,100,98.5,66,25.7816,0,0,5.994,0,92.8,100,805.374,0,0
99.487,799,7.41857,7.41058,3180,24.4,14,14,96,92.7,46.051,91.1576,62.4,13.1,10.8,100,98.5,66,25.7816,0,-5,5.994,0,92.7,100,815.374,0,0
99.5067,799,7.41058,7.41058,3179,24.4,14,14,96,92.7,46.051,91.1576,62.4,13.4,10.8,100,98.5,66,25.7816,0,0,5.994,0,92.7,100,723.37,0,0
99.5267,799,7.41857,7.41058,3187,24.4,14,14,96,92.8,46.051,91.1576,62.5,13.4,10.8,100,98.4,66,25.7816,0,5,5.994,0,92.8,100,754.704,0,0
99.5457,799,7.41857,7.42523,3195,24.5,14,14,96,92.8,45.8843,91.102,62.5,13.4,10.8,100,98.4,66,25.7816,0,0,5.994,0,92.8,100,776.039,0,0
99.5647,799,7.40925,7.40326,3207,24.5,14,14,96,92.8,45.8843,91.102,62.4,13.1,10.8,100,98.3,66,25.7816,0,0,5.994,0,92.8,100,913.379,0,0
99.5837,799,7.40126,7.40925,3205,24.5,14,14,96,92.7,45.8843,91.102,62.4,13.1,10.8,100,98.3,66,25.7816,0,-5,5.994,0,92.7,100,889.378,0,0
99.6047,799,7.40126,7.38727,3203,24.5,14,14,96,92.7,45.8843,91.102,62.4,13.1,10.8,100,98.3,66,25.7816,9.6,0,5.994,0,92.7,100,891.378,0,0
99.6247,799,7.40126,7.40126,3202,24.5,14,14,96,92.5,45.8843,90.9909,62.5,13.1,10.8,100,98.3,66,25.7816,0,0,5.994,0,92.5,100,747.371,0,0
99.6457,799,7.3946,7.38727,3211,24.6,14,14,96,92.6,45.8843,90.9909,62.5,13.1,10.8,100,98.3,66,25.7816,0,-5,5.994,0,92.6,100,891.378,0,0
99.6647,799,7.38527,7.3946,3220,24.7,14,14,96,92.5,45.8843,90.9909,62.5,13.1,10.8,100,98.2,66,25.7816,0,0,5.994,0,92.5,100,728.036,0,0
99.6837,799,7.3926,7.37861,3226,24.7,14,14,96,92.7,45.8843,90.9909,62.4,13.1,10.7,100,98.2,66,25.7816,-9.7,5,5.994,0,92.7,100,757.371,0,0
99.7027,799,7.38328,7.3926,3229,24.7,14,14,96,92.7,45.8843,90.9909,62.4,13.1,10.7,100,98.2,66,25.7816,0,0,5.994,0,92.7,100,788.706,0,0
99.7247,799,7.40059,7.40725,3232,24.7,14,14,96,92.9,45.8843,90.9909,62.4,13.1,10.7,100,98.2,66,25.7816,0,5,5.994,0,92.9,100,757.371,0,0
99.7447,799,7.39127,7.3926,3232,24.7,14,14,96,92.7,45.8843,90.9909,62.5,13.1,10.7,100,98.2,66,25.7816,0,0,5.994,0,92.7,100,786.039,0,0
99.7684,799,7.39127,7.40725,3237,24.7,14,14,96,92.8,45.8843,90.9909,62.5,13.1,10.7,100,98.1,66,25.7816,0,0,5.994,0,92.8,100,727.37,0,0
99.7897,799,7.38328,7.37662,3240,24.7,14,14,96,92.7,45.8843,90.9909,62.4,13.1,10.7,100,98.1,66,25.7816,0,-5,5.994,0,92.7,100,1081.39,0,0
99.8087,799,7.38328,7.39127,3249,24.8,14,14,96,92.7,45.8843,90.9909,62.4,13.1,10.7,100,98,66,25.7816,0,0,5.994,0,92.7,100,717.369,0,0
99.8287,799,7.39127,7.38328,3255,24.8,14,14,96,92.9,45.8843,90.9909,62.5,13.1,10.7,100,98,66,25.7816,0,5,5.994,0,92.9,100,737.37,0,0
99.8477,799,7.39859,7.39859,3258,24.9,14,14,96,92.6,45.8843,91.1576,62.4,13.1,10.7,100,98,66,25.7816,-9.7,5,5.994,0,92.6,100,920.713,0,0
99.8667,799,7.39127,7.37662,3255,24.8,14,14,96,92.9,45.8843,91.1576,62.4,13.1,10.7,100,98,66,25.7816,0,-5,5.994,0,92.9,100,837.375,0,0
99.8857,799,7.39127,7.39859,3254,24.8,14,14,96,92.7,45.8843,91.1576,62.4,13.1,10.7,100,98,66,25.7816,0,0,5.994,0,92.7,100,784.039,0,0
99.9067,799,7.39127,7.38328,3264,24.9,14,14,96,92.9,45.8843,91.1576,62.4,13.1,10.7,100,98,66,25.7816,0,0,5.994,0,92.9,100,762.038,0,0
99.9257,799,7.38927,7.38261,3275,25,14,14,96,92.8,45.8843,91.102,62.5,13.1,10.7,100,97.9,66,25.7816,11.1,5,5.994,0,92.8,100,766.705,0,0
99.9467,799,7.38927,7.40459,3277,25,14,14,96,93.1,45.8843,91.102,62.5,13.1,10.7,100,97.9,66,25.7816,0,0,5.994,0,93.1,100,920.713,0,0
99.9677,799,7.38927,7.36729,3276,25,14,14,96,92.8,45.8843,91.102,62.4,13.1,10.7,100,97.9,66,25.7816,0,-5,5.994,0,92.8,100,740.037,0,0
99.9867,799,7.38261,7.38927,3283,25.1,14,14,96,92.8,45.8288,90.9909,62.4,13.1,10.7,100,97.8,66,25.7816,0,0,5.994,0,92.8,100,801.373,0,0
100.008,799,7.37329,7.36663,3283,25,14,14,96,93,45.8288,90.9909,62.4,13.1,10.7,100,97.8,66,25.7816,0,11,5.994,0,93,100,734.037,0,0
100.027,799,7.38061,7.40459,3288,25,14,14,96,92.9,45.8288,90.9909,62.4,13.1,10.7,100,97.8,66,25.7816,0,-5,5.994,0,92.9,100,1105.39,0,0
100.046,799,7.37329,7.37329,3291,25.1,14,14,96,92.8,45.7732,90.9909,62.4,13.1,10.7,100,97.8,66,25.7816,0,-5,5.994,0,92.8,100,924.046,0,0
100.067,799,7.36463,7.3886,3299,25.2,14,14,96,92.8,45.7732,90.9909,62.4,13.1,10.7,100,97.7,66,25.7816,0,0,5.994,0,92.8,100,736.703,0,0
100.088,799,7.36463,7.3573,3301,25.1,14,14,96,92.9,45.7732,90.9909,62.5,13,10.7,100,97.7,66,25.7816,0,0,5.994,0,92.9,100,807.374,0,0
100.107,799,7.37129,7.36463,3305,25.2,14,14,96,92.8,45.7732,90.9909,62.4,13,10.7,100,97.7,66,25.7816,-9.6,5,5.994,0,92.8,100,772.039,0,0
100.128,799,7.37129,7.37129,3309,25.1,14,14,96,92.9,45.6621,90.9909,62.4,13,10.7,100,97.7,66,25.7816,0,0,5.994,0,92.9,100,768.038,0,0
100.149,799,7.37129,7.36463,3314,25.3,14,14,96,92.8,45.6621,90.9354,62.4,13,10.7,100,97.7,66,25.7816,9.6,0,5.994,0,92.8,100,782.706,0,0
100.17,799,7.37129,7.38661,3321,25.3,14,14,96,92.9,45.6621,90.9354,62.4,12.9,10.7,100,97.6,66,25.7816,0,0,5.994,0,92.9,100,753.371,0,0
100.191,799,7.36263,7.36463,3326,25.3,14,14,96,92.9,45.6621,90.9354,62.4,12.9,10.7,100,97.5,66,25.7816,0,0,5.994,0,92.9,100,761.371,0,0
100.212,799,7.36263,7.38661,3325,25.3,14,14,96,92.9,45.551,90.8798,62.4,12.9,10.7,100,97.5,66,25.7816,0,0,5.994,0,92.9,100,720.703,0,0
100.233,799,7.36263,7.37129,3330,25.3,14,14,96,92.9,45.551,90.8798,62.4,12.9,10.7,100,97.5,66,25.7816,0,0,5.994,0,92.9,100,772.039,0,0
100.253,799,7.3553,7.34864,3336,25.4,14,14,96,92.7,45.551,90.8798,62.5,12.9,10.7,100,97.5,66,25.7816,0,-5,5.994,0,92.7,100,779.372,0,0
100.273,799,7.3553,7.37062,3340,25.3,14,14,96,93,45.4955,90.8798,62.4,12.9,10.7,100,97.5,66,25.7816,0,0,5.994,0,93,100,796.04,0,0
100.292,799,7.3553,7.33932,3341,25.4,14,14,96,92.8,45.4955,90.8798,62.4,12.9,10.7,100,97.4,66,25.7816,0,0,5.994,0,92.8,100,943.38,0,0
100.311,799,7.34665,7.36263,3344,25.5,14,14,96,92.9,45.4955,90.8798,62.4,12.8,10.7,100,97.4,66,25.7816,0,5,5.994,0,92.9,100,908.712,0,0
100.332,799,7.35331,7.34665,3350,25.5,14,14,96,92.9,45.4955,90.8798,62.4,12.8,10.7,100,97.4,66,25.7816,0,0,5.994,0,92.9,100,787.373,0,0
100.351,799,7.33732,7.35331,3357,25.5,14,14,96,92.8,45.3843,90.9354,62.4,12.8,10.7,100,97.3,66,25.7816,0,-5,5.994,0,92.8,100,1069.39,0,0
100.37,799,7.33732,7.32267,3359,25.6,14,14,96,92.8,45.3843,90.9354,62.4,13.2,10.7,100,97.3,66,25.7816,0,0,5.994,0,92.8,100,904.045,0,0
100.389,799,7.33732,7.33732,3364,25.6,14,14,96,92.8,45.3843,90.9354,62.5,13.2,10.7,100,97.3,66,25.7816,0,0,5.994,0,92.8,100,759.371,0,0
100.41,799,7.33066,7.33066,3364,25.6,14,14,96,92.8,45.3843,90.9354,62.4,13.2,10.7,100,97.3,66,25.7816,-10.2,-5,5.994,0,92.8,100,708.035,0,0
100.429,799,7.33066,7.33732,3366,25.6,14,14,96,92.7,45.3843,91.102,62.3,13.2,10.7,100,97.3,66,25.7816,-9.4,0,5.994,0,92.7,100,742.037,0,0
100.449,799,7.33732,7.34465,3375,25.6,14,14,96,92.9,45.3843,91.102,62.4,13.3,10.7,100,97.3,66,25.7816,10.1,5,5.994,0,92.9,100,768.705,0,0
100.47,800,7.33732,7.33066,3384,25.7,14,14,96,92.7,45.3843,91.102,62.4,13.3,10.7,100,97.2,66,25.7816,0,0,5.994,0,92.7,100,918.713,0,0
100.491,800,7.33732,7.34465,3390,25.7,14,14,96,92.8,45.3288,91.102,62.4,13.3,10.7,100,97.1,66,25.7816,0,0,5.994,0,92.8,100,816.041,0,0
100.511,800,7.32134,7.33066,3383,25.7,14,14,96,92.7,45.3288,91.2131,62.4,13.3,10.7,100,97.1,66,25.7816,9.4,-5,5.994,0,92.7,100,745.371,0,0
100.531,800,7.32134,7.33732,3382,25.7,14,14,96,92.7,45.3288,91.2131,62.5,13.3,10.7,100,97.1,66,25.7816,0,0,5.994,0,92.7,100,807.374,0,0
100.55,800,7.32866,7.33066,3389,25.7,14,14,96,92.9,45.3288,91.2131,62.4,13.3,10.7,100,97.2,66,25.7816,-9.7,5,5.994,0,92.9,100,732.703,0,0
100.571,800,7.32866,7.34465,3388,25.7,14,14,96,92.7,45.3288,91.1576,62.4,13.3,10.7,100,97.1,66,25.7816,0,0,5.994,0,92.7,100,816.708,0,0
100.591,800,7.32134,7.32134,3401,25.7,14,14,96,92.7,45.3288,91.1576,62.4,13.2,10.7,100,97.1,66,25.7816,0,-5,5.994,0,92.7,100,774.705,0,0
100.61,800,7.31268,7.31268,3405,25.8,14,14,96,92.7,45.3288,91.1576,62.4,13.2,10.7,100,97,66,25.7816,0,0,5.994,0,92.7,100,817.374,0,0
100.629,800,7.31934,7.32667,3418,25.9,14,14,96,92.9,45.3288,91.1576,62.3,13.2,10.7,100,97,66,25.7816,0,5,5.994,0,92.9,100,769.372,0,0
100.65,800,7.32667,7.31934,3420,25.9,14,14,96,92.9,45.3288,91.102,62.4,13.2,10.7,100,97,66,25.7816,0,0,5.994,0,92.9,100,836.042,0,0
100.671,800,7.32667,7.32667,3416,25.9,14,14,96,92.9,45.3288,91.102,62.4,13.3,10.7,100,97,66,25.7816,0,0,5.994,0,92.9,100,792.706,0,0
100.691,800,7.31068,7.31934,3415,25.9,14,14,96,93,45.3288,91.102,62.4,13.3,10.7,100,97,66,25.7816,9.3,-5,5.994,0,93,100,757.371,0,0
100.71,800,7.31068,7.33466,3421,25.9,14,14,96,92.7,45.3288,91.102,62.4,13.3,10.7,100,96.9,66,25.7816,0,0,5.994,0,92.7,100,832.708,0,0
100.731,800,7.30336,7.32533,3429,26,14,14,96,93,45.3288,91.2131,62.4,13.3,10.7,100,96.9,66,25.7816,0,-5,5.994,0,93,100,769.372,0,0
100.752,800,7.31734,7.31068,3438,26,14,14,96,92.8,45.3288,91.2131,62.4,13.2,10.7,100,96.9,66,25.7816,9.6,11,5.994,0,92.8,100,850.709,0,0
100.773,800,7.31068,7.31734,3441,26,14,14,96,92.9,45.3288,91.2131,62.4,13.2,10.7,100,96.8,66,25.7816,0,5,5.994,0,92.9,100,838.042,0,0
100.794,800,7.31734,7.31068,3438,26.1,14,14,96,92.9,45.2733,91.1576,62.4,13.2,10.7,100,96.8,66,25.7816,0,0,5.994,0,92.9,100,796.706,0,0
100.815,800,7.31068,7.31734,3433,26,14,14,96,92.7,45.2733,91.1576,62.5,13.2,10.7,100,96.8,66,25.7816,10,-5,5.994,0,92.7,100,732.703,0,0
100.836,800,7.31068,7.31734,3441,26,14,14,96,92.9,45.2733,91.1576,62.5,13.2,10.7,100,96.8,66,25.7816,0,0,5.994,0,92.9,100,756.705,0,0
100.857,800,7.30136,7.2947,3457,26.2,14,14,96,92.7,45.1622,91.1576,62.4,13.2,10.7,100,96.7,66,25.7816,0,0,5.994,0,92.7,100,809.374,0,0
100.878,800,7.30136,7.30868,3467,26.2,14,14,96,92.8,45.1622,91.3798,62.4,13.2,10.7,100,96.6,66,25.7816,0,0,5.994,0,92.8,100,776.039,0,0
100.899,800,7.30136,7.30136,3454,26.1,14,14,96,92.8,45.1622,91.3798,62.4,13.2,10.7,100,96.7,66,25.7816,0,0,5.994,0,92.8,100,944.714,0,0
100.92,800,7.30136,7.30868,3459,26.2,14,14,96,92.7,45.1622,91.3798,62.3,13.2,10.7,100,96.7,66,25.7816,-10.1,0,5.994,0,92.7,100,830.708,0,0
100.941,800,7.28537,7.31668,3476,26.2,14,14,96,93,45.1066,91.102,62.4,13.2,10.7,100,96.7,66,25.7816,0,-5,5.994,0,93,100,782.706,0,0
100.961,800,7.29936,7.2927,3481,26.3,14,14,96,92.9,45.1066,91.102,62.4,12.9,10.7,100,96.6,66,25.7816,0,0,5.994,0,92.9,100,764.705,0,0
100.98,800,7.29936,7.29936,3484,26.3,14,14,96,92.9,45.1066,91.102,62.4,12.9,10.7,100,96.5,66,25.7816,0,0,5.994,0,92.9,100,749.371,0,0
101,800,7.2907,7.28338,3479,26.3,14,14,96,92.9,45.0511,91.102,62.4,12.9,10.7,100,96.5,66,25.7816,0,0,5.994,0,92.9,100,788.039,0,0
101.021,800,7.28338,7.29936,3479,26.3,14,14,96,92.8,45.0511,91.102,62.4,12.9,10.7,100,96.5,66,25.7816,0,-5,5.994,0,92.8,100,790.706,0,0
101.042,800,7.28338,7.27672,3483,26.3,14,14,96,93,45.0511,91.102,62.5,13,10.7,100,96.6,66,25.7816,10,0,5.994,0,93,100,770.705,0,0
101.063,800,7.28338,7.27672,3490,26.4,14,14,96,92.7,45.0511,91.102,62.4,13,10.7,100,96.5,66,25.7816,0,0,5.994,0,92.7,100,928.713,0,0
101.082,800,7.28338,7.29869,3500,26.4,14,14,96,92.8,44.9955,91.102,62.4,13,10.7,100,96.4,66,25.7816,0,0,5.994,0,92.8,100,824.708,0,0
101.103,800,7.28338,7.28338,3503,26.4,14,14,96,92.8,44.9955,91.102,62.4,13.2,10.7,100,96.4,66,25.7816,0,0,5.994,0,92.8,100,760.038,0,0
101.122,800,7.28338,7.29869,3499,26.4,14,14,96,92.8,44.9955,91.102,62.4,13.2,10.7,100,96.4,66,25.7816,0,0,5.994,0,92.8,100,730.703,0,0
101.141,800,7.2907,7.28338,3501,26.4,14,14,96,92.9,44.9955,91.102,62.4,13.2,10.7,100,96.4,66,25.7816,10.1,5,5.994,0,92.9,100,933.38,0,0
101.161,800,7.28338,7.2907,3505,26.5,14,14,96,92.7,45.0511,91.102,62.4,13.2,10.8,100,96.4,66,25.7816,0,-5,5.994,0,92.7,100,782.706,0,0
101.181,800,7.28338,7.29869,3521,26.5,14,14,96,93,45.0511,91.102,62.3,12.9,10.8,100,96.4,66,25.7816,-9.6,0,5.994,0,93,100,1099.39,0,0
101.202,800,7.27472,7.26739,3522,26.6,14,14,96,92.7,45.0511,91.102,62.4,12.9,10.8,100,96.2,66,25.7816,0,-5,5.994,0,92.7,100,742.704,0,0
101.221,800,7.26539,7.28937,3526,26.6,14,14,96,92.8,44.94,91.102,62.4,12.9,10.8,100,96.2,66,25.7816,0,6,5.994,0,92.8,100,764.038,0,0
101.241,800,7.26539,7.25873,3524,26.5,14,14,96,92.8,44.94,91.2131,62.5,12.9,10.8,100,96.2,66,25.7816,9.4,0,5.994,0,92.8,100,1102.72,0,0
101.26,800,7.28138,7.28138,3529,26.6,14,14,96,92.8,44.94,91.2131,62.4,12.9,10.8,100,96.2,66,25.7816,-9.7,5,5.994,0,92.8,100,758.705,0,0
101.281,800,7.27272,7.26539,3533,26.6,14,14,96,92.9,44.94,91.2131,62.4,12.9,10.8,100,96.2,66,25.7816,0,0,5.994,0,92.9,100,781.372,0,0
101.301,800,7.27272,7.27272,3538,26.6,14,14,96,92.9,44.8844,91.2131,62.5,12.9,10.8,100,96.2,66,25.7816,0,0,5.994,0,92.9,100,834.708,0,0
101.322,800,7.27272,7.2967,3545,26.7,14,14,96,92.9,44.8844,91.1576,62.4,12.9,10.8,100,96.2,66,25.7816,0,0,5.994,0,92.9,100,852.043,0,0
101.343,800,7.2634,7.27272,3545,26.7,14,14,96,92.9,44.8844,91.1576,62.4,13.1,10.8,100,96.1,66,25.7816,0,0,5.994,0,92.9,100,1125.39,0,0
101.362,800,7.2634,7.28737,3542,26.7,14,14,96,92.9,44.8844,91.1576,62.4,13.1,10.8,100,96.2,66,25.7816,0,0,5.994,0,92.9,100,919.379,0,0
101.381,800,7.2634,7.27272,3550,26.7,14,14,96,92.9,44.94,90.9909,62.4,13.1,10.8,100,96.1,66,25.7816,0,0,5.994,0,92.9,100,738.037,0,0
101.402,800,7.2634,7.24275,3559,26.8,14,14,96,92.6,44.94,90.9909,62.4,12.8,10.8,100,96,66,25.7816,0,0,5.994,0,92.6,100,1120.72,0,0
101.423,800,7.25674,7.27139,3566,26.8,14,14,96,92.8,44.94,90.9909,62.4,12.8,10.8,100,96,66,25.7816,0,0,5.994,0,92.8,100,954.048,0,0
101.444,800,7.2634,7.25674,3561,26.8,14,14,96,92.9,44.8844,90.9909,62.3,12.8,10.8,100,96.1,66,25.7816,0,5,5.994,0,92.9,100,1120.72,0,0
101.465,801,7.2634,7.27871,3568,26.8,14,14,96,92.8,44.8844,90.9909,62.4,12.8,10.8,100,96,66,25.7816,0,0,5.994,0,92.8,100,925.38,0,0
101.486,801,7.2634,7.27871,3576,26.8,14,14,96,93.1,44.8844,90.9909,62.4,12.8,10.8,100,96.1,66,25.7816,0,0,5.994,0,93.1,100,806.707,0,0
101.507,801,7.2634,7.24741,3576,26.9,14,14,96,92.9,44.8844,90.9909,62.4,12.8,10.7,100,96,66,25.7816,0,0,5.994,0,92.9,100,969.382,0,0
101.527,801,7.24741,7.2634,3577,26.9,14,14,96,92.8,44.7733,90.9909,62.4,12.8,10.7,100,95.9,66,25.7816,10.1,-6,5.994,0,92.8,100,1132.06,0,0
101.548,801,7.24741,7.24741,3580,26.9,14,14,96,93,44.7733,90.9909,62.4,13,10.7,100,96,66,25.7816,0,0,5.994,0,93,100,773.372,0,0
101.567,801,7.25474,7.24741,3585,26.9,14,14,96,92.8,44.7733,90.9909,62.4,13,10.7,100,95.9,66,25.7816,0,6,5.994,0,92.8,100,823.375,0,0
101.588,801,7.23143,7.23875,3597,27,14,14,96,92.8,44.7178,90.9909,62.5,13,10.7,100,95.8,66,25.7816,9.3,-11,5.994,0,92.8,100,929.38,0,0
101.607,801,7.23143,7.23143,3601,27,14,14,96,92.7,44.7178,90.9909,62.3,13,10.7,100,95.7,66,25.7816,-10.4,0,5.994,0,92.7,100,788.706,0,0
101.626,801,7.22277,7.23875,3610,27,14,14,96,92.7,44.7178,90.9909,62.4,13.2,10.7,100,95.7,66,25.7816,8.7,0,5.994,0,92.7,100,1116.72,0,0
101.647,801,7.22277,7.22277,3608,27,14,14,96,92.7,44.7178,90.9909,62.4,13.2,10.7,100,95.7,66,25.7816,0,0,5.994,0,92.7,100,803.374,0,0
101.666,801,7.22277,7.22943,3603,27,14,14,96,92.5,44.7178,90.9909,62.4,13.2,10.7,100,95.7,66,25.7816,0,0,5.994,0,92.5,100,752.704,0,0
101.685,801,7.20878,7.24541,3616,27.1,14,14,96,92.9,44.7178,90.9354,62.4,13.2,10.7,100,95.8,66,25.7816,0,-12,5.994,0,92.9,100,926.713,0,0
101.704,801,7.22943,7.21544,3617,27.1,14,14,96,92.6,44.7178,90.9354,62.4,13.2,10.7,100,95.6,66,25.7816,0,-12,5.994,0,92.6,100,776.706,0,0
101.723,801,7.21544,7.22943,3624,27.1,14,14,96,92.7,44.7178,90.9354,62.4,13.2,10.7,100,95.6,66,25.7816,0,6,5.994,0,92.7,100,820.041,0,0
101.744,801,7.22277,7.19946,3622,27.1,14,14,96,92.7,44.7178,90.9354,62.4,13.2,10.7,100,95.6,66,25.7816,0,0,5.994,0,92.7,100,816.041,0,0
101.763,801,7.21345,7.24475,3629,27.2,14,14,96,92.5,44.7178,90.7687,62.4,13.2,10.7,100,95.5,66,25.7816,0,0,5.994,0,92.5,100,949.381,0,0
101.783,801,7.19946,7.19946,3629,27.2,14,14,96,92.7,44.7178,90.7687,62.3,13.3,10.7,100,95.5,66,25.7816,-10.2,-12,5.994,0,92.7,100,800.707,0,0
101.804,801,7.1908,7.18348,3636,27.2,14,14,96,92.4,44.7178,90.7687,62.4,13.3,10.7,100,95.4,66,25.7816,0,0,5.994,0,92.4,100,856.043,0,0
101.823,801,7.1908,7.21345,3638,27.2,14,14,96,92.5,44.7178,90.7687,62.4,13.3,10.7,100,95.4,66,25.7816,0,0,5.994,0,92.5,100,794.04,0,0
101.842,801,7.1908,7.18348,3644,27.3,14,14,96,92.5,44.7178,90.7687,62.4,12.9,10.7,100,95.4,66,25.7816,0,0,5.994,0,92.5,100,926.046,0,0
101.861,801,7.18148,7.21345,3647,27.3,14,14,96,92.4,44.7178,90.7687,62.4,12.9,10.7,100,95.3,66,25.7816,0,0,5.994,0,92.4,100,772.705,0,0
101.88,801,7.19746,7.17482,3649,27.3,14,14,96,92.8,44.6622,90.7687,62.4,12.9,10.7,100,95.5,66,25.7816,0,6,5.994,0,92.8,100,758.705,0,0
101.901,801,7.19746,7.1908,3653,27.3,14,14,96,92.5,44.6622,90.7687,62.4,12.9,10.8,100,95.4,66,25.7816,0,0,5.994,0,92.5,100,1088.72,0,0
101.921,801,7.17482,7.20479,3658,27.3,14,14,96,92.5,44.6622,90.7687,62.4,12.8,10.8,100,95.3,66,25.7816,10,6,5.994,0,92.5,100,856.71,0,0
101.942,801,7.18148,7.17482,3656,27.3,14,14,96,92.5,44.6622,90.7687,62.4,12.8,10.8,100,95.3,66,25.7816,0,0,5.994,0,92.5,100,1103.39,0,0
101.961,801,7.17482,7.20479,3656,27.3,14,14,96,92.5,44.6622,90.7687,62.5,12.8,10.8,100,95.3,66,25.7816,9.1,-6,5.994,0,92.5,100,858.71,0,0
101.981,801,7.18148,7.1888,3669,27.4,14,14,96,92.6,44.6622,90.7687,62.5,12.8,10.8,100,95.3,66,25.7816,0,6,5.994,0,92.6,100,831.375,0,0
102.001,801,7.17482,7.15883,3672,27.5,14,14,96,92.4,44.6622,90.7687,62.5,13.1,10.8,100,95.1,66,25.7816,9.1,0,5.994,0,92.4,100,798.707,0,0
102.02,801,7.16549,7.19546,3679,27.5,14,14,96,92.5,44.6622,90.7687,62.4,13.1,10.8,100,95.1,66,25.7816,-8.9,6,5.994,0,92.5,100,770.705,0,0
102.041,801,7.16549,7.15883,3679,27.5,14,14,96,92.4,44.5511,90.7687,62.4,13.1,10.8,100,95.1,66,25.7816,0,-6,5.994,0,92.4,100,907.379,0,0
102.061,801,7.15684,7.1888,3685,27.5,14,14,96,92.3,44.5511,90.7687,62.4,13.1,10.8,100,95,66,25.7816,0,0,5.994,0,92.3,100,771.372,0,0
102.08,801,7.15684,7.17948,3692,27.6,14,14,96,92.6,44.5511,90.7687,62.4,13.2,10.8,100,95.1,66,25.7816,8.8,0,5.994,0,92.6,100,948.047,0,0
102.099,801,7.15684,7.12687,3695,27.7,14,14,96,92.1,44.5511,90.7687,62.4,13.2,10.8,100,94.9,66,25.7816,0,-18,5.994,0,92.1,100,894.711,0,0
102.118,801,7.12687,7.15684,3700,27.7,14,14,96,92.1,44.4956,90.8798,62.4,13.2,10.8,100,94.8,66,25.7816,0,0,5.994,0,92.1,100,811.374,0,0
102.139,801,7.13353,7.13353,3699,27.6,14,14,96,92.2,44.4956,90.8798,62.4,13.2,10.8,100,94.9,66,25.7816,0,6,5.994,0,92.2,100,802.707,0,0
102.16,801,7.14085,7.14085,3701,27.6,14,14,96,92.3,44.4956,90.8798,62.4,13.2,10.8,100,94.9,66,25.7816,0,6,5.994,0,92.3,100,815.374,0,0
102.181,801,7.15684,7.17948,3709,27.7,14,14,96,92.4,44.3845,90.8798,62.4,13.2,10.8,100,95,66,25.7816,0,0,5.994,0,92.4,100,799.373,0,0
102.201,801,7.14951,7.14085,3708,27.6,14,14,96,92.3,44.3845,90.9354,62.4,13.2,10.8,100,95,66,25.7816,0,-6,5.994,0,92.3,100,1098.05,0,0
102.222,801,7.15684,7.17948,3710,27.7,14,14,96,92.3,44.3845,90.9354,62.4,13,10.8,100,95,66,25.7816,0,6,5.994,0,92.3,100,960.715,0,0
102.243,801,7.15684,7.17948,3720,27.7,14,14,96,92.6,44.3845,90.9354,62.4,13,10.8,100,95.1,66,25.7816,0,0,5.994,0,92.6,100,1092.05,0,0
102.262,801,7.15684,7.12687,3724,27.7,14,14,96,92.3,44.3845,90.9354,62.4,13,10.8,100,95,66,25.7816,0,-6,5.994,0,92.3,100,866.71,0,0
102.283,801,7.14285,7.17282,3728,27.8,14,14,96,92.2,44.3845,90.8798,62.4,13,10.8,100,95,66,25.7816,0,-6,5.994,0,92.2,100,1006.05,0,0
102.302,801,7.16549,7.14285,3731,27.8,14,14,96,92.6,44.3845,90.8798,62.4,12.8,10.8,100,95.2,66,25.7816,0,12,5.994,0,92.6,100,819.374,0,0
102.321,801,7.14285,7.11887,3732,27.8,14,14,96,92,44.3845,90.8798,62.4,12.8,10.8,100,94.9,66,25.7816,0,-12,5.994,0,92,100,1111.39,0,0
102.34,801,7.15883,7.17282,3736,27.8,14,14,96,92.2,44.3289,90.7132,62.1,12.8,10.8,100,95,66,25.7816,-29.2,-6,5.994,0,92.2,100,758.038,0,0
102.361,801,7.13486,7.11887,3740,27.9,14,14,96,92.1,44.3289,90.7132,62.3,13.1,10.8,100,95,66,25.7816,0,-6,5.994,0,92.1,100,802.04,0,0
102.381,801,7.13486,7.16549,3747,27.9,14,14,96,92,44.3289,90.7132,62.3,13.1,10.8,100,95,66,25.7816,0,0,5.994,0,92,100,766.705,0,0
102.401,801,7.14352,7.15883,3756,27.9,14,14,96,92.3,44.3289,90.7132,62.4,13.1,10.8,100,95.1,66,25.7816,0,0,5.994,0,92.3,100,804.04,0,0
102.421,801,7.15084,7.12753,3758,27.9,14,14,96,92.1,44.3289,90.7687,62.5,13.1,10.8,100,95.1,66,25.7816,9.3,-6,5.994,0,92.1,100,798.707,0,0
102.442,801,7.14352,7.16749,3753,28,14,14,96,92.1,44.3289,90.7687,62.4,13.1,10.8,100,95.1,66,25.7816,-9.7,0,5.994,0,92.1,100,786.706,0,0
102.461,802,7.13686,7.12753,3756,27.9,14,14,96,92.3,44.3289,90.7687,62.4,13.1,10.9,100,95.2,66,25.7816,0,-6,5.994,0,92.3,100,942.714,0,0
102.481,802,7.14352,7.13686,3765,27.9,14,14,96,92,44.2178,90.7687,62.4,13.1,10.9,100,95.1,66,25.7816,0,6,5.994,0,92,100,817.374,0,0
102.501,802,7.13686,7.16749,3774,28,14,14,96,92.1,44.2178,90.8798,62.4,13.1,10.9,100,95.2,66,25.7816,0,6,5.994,0,92.1,100,801.373,0,0
102.52,802,7.13686,7.13686,3773,28,14,14,96,92,44.2178,90.8798,62.4,13.1,10.9,100,95.1,66,25.7816,0,-6,5.994,0,92,100,812.041,0,0
102.539,802,7.13686,7.16749,3775,28,14,14,96,91.9,44.2178,90.8798,62.4,13.1,10.9,100,95.1,66,25.7816,0,0,5.994,0,91.9,100,779.372,0,0
102.56,802,7.13686,7.13686,3777,28.1,14,14,96,92.3,44.2178,91.102,62.3,13.1,10.9,100,95.3,66,25.7816,-9.6,0,5.994,0,92.3,100,780.039,0,0
102.579,802,7.14551,7.12953,3786,28.1,14,14,96,92,44.2178,91.102,62.4,12.9,10.9,100,95.2,66,25.7816,0,0,5.994,0,92,100,790.039,0,0
102.6,802,7.14551,7.16749,3787,28.1,14,14,96,92,44.2178,91.102,62.4,12.9,10.9,100,95.2,66,25.7816,0,0,5.994,0,92,100,781.372,0,0
102.621,802,7.13686,7.12953,3785,28.1,14,14,96,92.2,44.2178,91.102,62.4,12.9,10.9,100,95.2,66,25.7816,0,-6,5.994,0,92.2,100,740.037,0,0
102.642,802,7.12953,7.12953,3798,28.2,14,14,96,91.8,44.2178,90.9909,62.4,12.9,10.9,100,95.1,66,25.7816,10,-6,5.994,0,91.8,100,990.049,0,0
102.661,802,7.13885,7.1595,3798,28.2,14,14,96,91.9,44.2178,90.9909,62.4,13.1,10.9,100,95.2,66,25.7816,0,6,5.994,0,91.9,100,785.373,0,0
102.681,802,7.14551,7.12953,3795,28.2,14,14,96,91.9,44.2178,90.9909,62.4,13.1,10.9,100,95.2,66,25.7816,0,0,5.994,0,91.9,100,900.712,0,0
102.7,802,7.14551,7.15284,3801,28.2,14,14,96,91.8,44.1623,90.9909,62.4,13.1,10.9,100,95.2,66,25.7816,0,0,5.994,0,91.8,100,801.373,0,0
102.719,802,7.14551,7.16882,3818,28.3,14,14,96,92.2,44.1623,90.9909,62.4,13.1,10.9,100,95.4,66,25.7816,0,0,5.994,0,92.2,100,898.712,0,0
102.74,802,7.13885,7.11554,3816,28.3,14,14,96,91.8,44.1623,90.9909,62.5,13.1,10.9,100,95.2,66,25.7816,9.7,0,5.994,0,91.8,100,970.715,0,0
102.759,802,7.13153,7.14551,3819,28.4,14,14,96,91.7,44.1623,90.9909,62.5,13.1,10.9,100,95.2,66,25.7816,0,-6,5.994,0,91.7,100,797.373,0,0
102.779,802,7.12487,7.10888,3822,28.3,14,14,96,91.9,44.0512,90.9909,62.5,13.1,10.9,100,95.3,66,25.7816,0,-6,5.994,0,91.9,100,888.711,0,0
102.8,802,7.12487,7.12487,3824,28.4,14,14,96,91.6,44.0512,90.9909,62.4,13.1,10.9,100,95.2,66,25.7816,0,0,5.994,0,91.6,100,903.378,0,0
102.82,802,7.13153,7.14551,3824,28.4,14,14,96,91.7,44.0512,90.9909,62.4,12.9,10.9,100,95.2,66,25.7816,0,-6,5.994,0,91.7,100,862.043,0,0
102.841,802,7.12487,7.11754,3826,28.4,14,14,96,91.9,44.0512,90.9909,62.4,12.9,10.9,100,95.3,66,25.7816,0,-6,5.994,0,91.9,100,808.707,0,0
102.861,802,7.12487,7.11754,3841,28.5,14,14,96,91.5,44.0512,90.9354,62.4,12.9,10.9,100,95.2,66,25.7816,0,0,5.994,0,91.5,100,1018.72,0,0
102.882,802,7.13885,7.15484,3843,28.5,14,14,96,91.7,44.0512,90.9354,62.4,13.3,10.9,100,95.3,66,25.7816,0,-6,5.994,0,91.7,100,858.043,0,0
102.901,802,7.14751,7.11754,3845,28.5,14,14,96,91.8,44.0512,90.9354,62.4,13.3,10.9,100,95.4,66,25.7816,0,6,5.994,0,91.8,100,789.373,0,0
102.921,802,7.13153,7.15484,3845,28.6,14,14,96,91.5,43.9956,90.9354,62.4,13.3,10.9,100,95.3,66,25.7816,0,-6,5.994,0,91.5,100,838.042,0,0
102.94,802,7.12487,7.15484,3849,28.5,14,14,96,91.4,43.9956,90.9909,62.4,13.3,10.9,100,95.2,66,25.7816,0,-12,5.994,0,91.4,100,840.042,0,0
102.961,802,7.14751,7.11754,3854,28.5,14,14,96,91.8,43.9956,90.9909,62.4,13.2,11,100,95.4,66,25.7816,0,26,5.994,0,91.8,100,839.375,0,0
102.982,802,7.13353,7.14751,3856,28.5,14,14,96,91.6,43.9956,90.9909,62.4,13.2,11,100,95.3,66,25.7816,0,-12,5.994,0,91.6,100,995.383,0,0
103.001,802,7.14751,7.1635,3870,28.6,14,14,96,91.9,43.9956,90.9354,62.4,13.2,11,100,95.5,66,25.7816,0,13,5.994,0,91.9,100,941.38,0,0
103.02,802,7.13353,7.11754,3867,28.6,14,14,96,91.8,43.9956,90.9354,62.4,13.2,11,100,95.5,66,25.7816,0,13,5.994,0,91.8,100,901.378,0,0
103.041,802,7.13353,7.1635,3865,28.6,14,14,96,91.6,43.9956,90.9354,62.5,13.3,11,100,95.4,66,25.7816,9.3,-13,5.994,0,91.6,100,1056.05,0,0
103.061,802,7.15684,7.15684,3870,28.6,14,14,96,91.8,43.9956,90.9354,62.4,13.3,11,100,95.5,66,25.7816,-10,13,5.994,0,91.8,100,850.709,0,0
103.082,802,7.12553,7.11887,3878,28.7,14,14,96,91.6,43.8845,90.9909,62.4,13.3,11,100,95.4,66,25.7816,0,6,5.994,0,91.6,100,827.375,0,0
103.101,802,7.12553,7.15684,3884,28.7,14,14,96,91.5,43.8845,90.9909,62.4,13.1,11,100,95.4,66,25.7816,0,-6,5.994,0,91.5,100,892.711,0,0
103.121,802,7.14152,7.11887,3886,28.7,14,14,96,91.9,43.8845,90.9909,62.4,13.1,11,100,95.6,66,25.7816,0,6,5.994,0,91.9,100,880.711,0,0
103.141,802,7.13486,7.11887,3888,28.8,14,14,96,91.4,43.8845,90.9909,62.5,13.1,11,100,95.4,66,25.7816,0,-6,5.994,0,91.4,100,852.043,0,0
103.161,802,7.13486,7.15684,3893,28.8,14,14,96,91.5,43.8845,90.9354,62.5,13.1,11,100,95.5,66,25.7816,9.6,-6,5.994,0,91.5,100,811.374,0,0
103.182,802,7.13486,7.11155,3895,28.8,14,14,96,91.8,43.8845,90.9354,62.5,13.3,11,100,95.6,66,25.7816,0,0,5.994,0,91.8,100,813.374,0,0
103.201,802,7.11155,7.11155,3903,28.8,14,14,96,91.3,43.8845,90.9354,62.5,13.3,11,100,95.4,66,25.7816,0,-13,5.994,0,91.3,100,1040.72,0,0
103.22,802,7.13486,7.16549,3909,28.9,14,14,96,91.3,43.7734,90.9354,62.5,13.3,11,100,95.5,66,25.7816,0,-13,5.994,0,91.3,100,1010.72,0,0
103.239,802,7.12753,7.10489,3910,28.9,14,14,96,91.4,43.7734,91.102,62.5,13.3,11,100,95.5,66,25.7816,0,6,5.994,0,91.4,100,1062.72,0,0
103.258,802,7.11355,7.13486,3910,28.9,14,14,96,91.2,43.7734,91.102,62.5,13,11,100,95.4,66,25.7816,0,-13,5.994,0,91.2,100,899.378,0,0
103.277,802,7.12753,7.15084,3919,28.9,14,14,96,91.6,43.7734,91.102,62.5,13,11,100,95.6,66,25.7816,0,13,5.994,0,91.6,100,854.709,0,0
103.296,802,7.13686,7.12087,3916,28.9,14,14,96,91.5,43.7178,90.9909,62.5,13,11,100,95.6,66,25.7816,0,6,5.994,0,91.5,100,896.045,0,0
103.315,802,7.12087,7.14352,3921,28.9,14,14,96,91.3,43.7178,90.9909,62.5,13,11,100,95.5,66,25.7816,0,-13,5.994,0,91.3,100,859.376,0,0
103.334,802,7.11355,7.11355,3926,29,14,14,96,91.5,43.7178,90.9909,62.5,13,11,100,95.6,66,25.7816,0,-6,5.994,0,91.5,100,954.714,0,0
103.355,802,7.12287,7.11355,3937,29,14,14,96,91.2,43.7178,90.9909,62.5,13,11,100,95.5,66,25.7816,0,0,5.994,0,91.2,100,852.043,0,0
103.376,802,7.14352,7.14352,3939,29.1,14,14,96,91.2,43.7178,90.9354,62.5,13,11,100,95.6,66,25.7816,9.3,-19,5.994,0,91.2,100,834.708,0,0
103.397,802,7.14352,7.12287,3937,29,14,14,96,91.6,43.7178,90.9354,62.4,13.1,11.1,100,95.7,66,25.7816,-10.2,19,5.994,0,91.6,100,990.716,0,0
103.417,802,7.12287,7.12287,3942,29.1,14,14,96,91.2,43.7178,90.9354,62.5,13.1,11.1,100,95.6,66,25.7816,0,-20,5.994,0,91.2,100,843.375,0,0
103.438,802,7.13686,7.15084,3947,29.1,14,14,96,91.4,43.6623,90.9354,62.5,13.1,11.1,100,95.7,66,25.7816,0,0,5.994,0,91.4,100,840.042,0,0
103.457,803,7.13686,7.12953,3953,29.1,14,14,96,91.5,43.6623,90.9909,62.5,13.1,11.1,100,95.7,66,25.7816,0,0,5.994,0,91.5,100,892.045,0,0
103.478,803,7.12287,7.10089,3959,29.2,14,14,96,91,43.6623,90.9909,62.5,13,11.1,100,95.6,66,25.7816,0,-13,5.994,0,91,100,916.713,0,0
103.499,803,7.10755,7.15284,3957,29.2,14,14,96,91.1,43.6623,90.9909,62.5,13,11.1,100,95.7,66,25.7816,0,-13,5.994,0,91.1,100,824.041,0,0
103.519,803,7.12953,7.10755,3962,29.1,14,14,96,91.5,43.6623,90.9354,62.6,13,11.1,100,95.8,66,25.7816,9.6,13,5.994,0,91.5,100,837.375,0,0
103.539,803,7.10755,7.10755,3965,29.2,14,14,96,91.2,43.6623,90.9354,62.6,13.2,11.1,100,95.7,66,25.7816,0,6,5.994,0,91.2,100,826.708,0,0
103.56,803,7.12953,7.14551,3964,29.2,14,14,96,91.3,43.6623,90.9354,62.6,13.2,11.1,100,95.7,66,25.7816,0,6,5.994,0,91.3,100,859.376,0,0
103.581,803,7.12953,7.14551,3967,29.2,14,14,96,91.4,43.6068,90.9354,62.6,13.2,11.1,100,95.8,66,25.7816,0,0,5.994,0,91.4,100,816.041,0,0
103.6,803,7.10755,7.10089,3980,29.3,14,14,96,91.1,43.6068,90.9909,62.6,13.2,11.1,100,95.7,66,25.7816,0,0,5.994,0,91.1,100,1008.05,0,0
103.621,803,7.10089,7.13885,3982,29.3,14,14,96,91,43.6068,90.9909,62.6,12.8,11.1,100,95.7,66,25.7816,0,-6,5.994,0,91,100,1047.39,0,0
103.641,803,7.11688,7.13086,3992,29.3,14,14,96,91.2,43.6068,90.9909,62.6,12.8,11.1,100,95.8,66,25.7816,0,6,5.994,0,91.2,100,853.376,0,0
103.661,803,7.09357,7.10955,3996,29.4,14,14,96,91.1,43.5512,90.9909,62.6,12.8,11.1,100,95.8,66,25.7816,0,13,5.994,0,91.1,100,1002.72,0,0
103.682,803,7.11688,7.14685,3993,29.4,14,14,96,91.1,43.5512,90.9909,62.6,12.8,11.1,100,95.8,66,25.7816,0,0,5.994,0,91.1,100,896.045,0,0
103.703,803,7.10955,7.14685,4000,29.4,14,14,96,91.3,43.5512,90.9909,62.6,12.7,11.1,100,95.9,66,25.7816,0,-6,5.994,0,91.3,100,1049.39,0,0
103.724,803,7.11688,7.09357,4000,29.4,14,14,96,91.1,43.5512,90.9909,62.6,12.7,11.1,100,95.8,66,25.7816,0,6,5.994,0,91.1,100,842.709,0,0
103.744,803,7.10955,7.14685,4002,29.4,14,14,96,90.9,43.4401,90.9354,62.6,12.7,11.1,100,95.8,66,25.7816,0,-6,5.994,0,90.9,100,893.378,0,0
103.763,803,7.10955,7.14685,4016,29.4,14,14,96,91.3,43.4401,90.9354,62.6,12.6,11.1,100,95.9,66,25.7816,0,0,5.994,0,91.3,100,850.042,0,0
103.783,803,7.10289,7.09556,4014,29.4,14,14,96,90.9,43.4401,90.9354,62.7,12.6,11.1,100,95.8,66,25.7816,0,-6,5.994,0,90.9,100,842.709,0,0
103.802,803,7.11155,7.13952,4018,29.4,14,14,96,90.9,43.3846,90.9354,62.7,12.6,11.1,100,95.9,66,25.7816,0,0,5.994,0,90.9,100,824.041,0,0
103.823,803,7.11887,7.12553,4025,29.3,14,14,96,91.1,43.3846,90.9909,62.7,12.6,11.1,100,95.9,66,25.7816,0,6,5.994,0,91.1,100,1054.72,0,0
103.843,803,7.11887,7.11155,4021,29.4,14,14,96,91,43.3846,90.9909,62.7,12.6,11.2,100,95.9,66,25.7816,0,0,5.994,0,91,100,850.709,0,0
103.862,803,7.11155,7.12553,4032,29.4,14,14,96,90.8,43.3846,90.9909,62.8,12.6,11.2,100,95.9,66,25.7816,0,-6,5.994,0,90.8,100,912.712,0,0
103.883,803,7.11155,7.11887,4034,29.3,14,14,96,91,43.3846,90.9909,62.7,12.6,11.2,100,95.9,66,25.7816,0,0,5.994,0,91,100,1042.72,0,0
103.903,803,7.11155,7.0969,4038,29.4,14,14,96,90.9,43.3846,90.9909,62.7,12.6,11.2,100,95.9,66,25.7816,0,6,5.994,0,90.9,100,845.376,0,0
103.924,803,7.10356,7.13486,4041,29.4,14,14,96,90.7,43.3846,90.9909,62.7,12.7,11.2,100,95.9,66,25.7816,0,-6,5.994,0,90.7,100,941.38,0,0
103.943,803,7.0969,7.12753,4050,29.4,14,14,96,90.8,43.3846,90.9909,62.7,12.7,11.2,100,96,66,25.7816,0,6,5.994,0,90.8,100,834.708,0,0
103.964,803,7.11954,7.10356,4046,29.4,14,14,96,90.9,43.3846,90.9354,62.7,12.7,11.2,100,96,66,25.7816,0,6,5.994,0,90.9,100,1056.72,0,0
103.984,803,7.11954,7.11288,4051,29.4,14,14,96,90.8,43.3846,90.9354,62.7,12.8,11.2,100,96,66,25.7816,0,0,5.994,0,90.8,100,828.708,0,0
104.003,803,7.11954,7.13486,4063,29.4,14,14,96,90.9,43.3846,90.9354,62.7,12.8,11.2,100,96.1,66,25.7816,0,0,5.994,0,90.9,100,938.714,0,0
104.024,803,7.11954,7.11288,4064,29.4,14,14,96,90.9,43.3846,90.9354,62.6,12.8,11.2,100,96.1,66,25.7816,0,0,5.994,0,90.9,100,926.713,0,0
104.045,803,7.11288,7.10555,4072,29.4,14,14,96,90.7,43.3846,90.8798,62.6,12.8,11.2,100,96,66,25.7816,0,-6,5.994,0,90.7,100,1068.05,0,0
104.065,803,7.10555,7.12753,4074,29.3,14,14,96,90.7,43.3846,90.8798,62.6,12.8,11.3,100,96.1,66,25.7816,0,0,5.994,0,90.7,100,836.708,0,0
104.085,803,7.10555,7.09889,4072,29.4,14,14,96,90.9,43.3846,90.8798,62.6,12.8,11.3,100,96.1,66,25.7816,0,0,5.994,0,90.9,100,903.378,0,0
104.104,803,7.11288,7.10555,4078,29.3,14,14,96,90.7,43.329,90.8798,62.6,12.8,11.3,100,96.1,66,25.7816,0,6,5.994,0,90.7,100,827.375,0,0
104.124,803,7.11288,7.13552,4079,29.3,14,14,96,90.8,43.329,90.8798,62.6,12.8,11.3,100,96.1,66,25.7816,0,-6,5.994,0,90.8,100,859.376,0,0
104.143,803,7.11288,7.11288,4083,29.3,14,14,96,90.9,43.329,90.8798,62.6,12.8,11.3,100,96.2,66,25.7816,0,0,5.994,0,90.9,100,911.379,0,0
104.163,803,7.10555,7.09889,4090,29.3,14,14,96,90.6,43.329,90.8798,62.6,12.8,11.3,100,96.1,66,25.7816,0,-6,5.994,0,90.6,100,918.046,0,0
104.183,803,7.19347,7.20079,4091,29.3,14,14,96,90.8,43.1623,90.9354,62.6,12.8,11.3,100,96.2,66,25.7816,0,6,5.994,0,90.8,100,864.71,0,0
104.203,803,7.20079,7.17748,4098,29.3,14,14,96,91,43.1623,90.9354,62.6,12.7,11.3,100,96.3,66,25.7816,0,6,5.994,0,91,100,878.044,0,0
104.224,803,7.18681,7.18681,4100,29.3,14,14,96,90.7,43.1623,90.9354,62.7,12.7,11.3,100,96.2,66,25.7816,10.4,0,5.994,0,90.7,100,842.709,0,0
104.245,803,7.16483,7.18681,4105,29.4,14,14,96,90.4,43.1068,90.9354,62.5,12.7,11.3,100,96.2,66,25.7816,-20,-20,5.994,0,90.4,100,802.707,0,0
104.266,803,7.17948,7.20279,4121,29.3,14,14,96,90.8,43.1068,90.9909,62.6,12.7,11.3,100,96.3,66,25.7816,9.3,13,5.994,0,90.8,100,918.713,0,0
104.285,803,7.18747,7.16483,4117,29.3,14,14,96,90.6,43.1068,90.9909,62.6,12.6,11.3,100,96.3,66,25.7816,0,0,5.994,0,90.6,100,854.043,0,0
104.304,803,7.18081,7.20279,4120,29.3,14,14,96,90.5,43.1068,90.9909,62.7,12.6,11.3,100,96.2,66,25.7816,0,-6,5.994,0,90.5,100,899.378,0,0
104.325,803,7.18747,7.20279,4130,29.2,14,14,96,90.8,43.0513,90.9909,62.8,12.6,11.3,100,96.3,66,25.7816,10.5,6,5.994,0,90.8,100,872.044,0,0
104.344,803,7.19546,7.16483,4125,29.3,14,14,96,90.7,43.0513,90.9909,62.8,12.6,11.3,100,96.3,66,25.7816,0,7,5.994,0,90.7,100,868.043,0,0
104.363,803,7.19546,7.19546,4125,29.3,14,14,96,90.4,43.0513,90.9909,62.8,12.9,11.2,100,96.2,66,25.7816,0,0,5.994,0,90.4,100,894.045,0,0
104.382,803,7.18081,7.18747,4132,29.3,14,14,96,90.4,43.0513,90.9909,62.8,12.9,11.2,100,96.3,66,25.7816,0,-6,5.994,0,90.4,100,831.375,0,0
104.403,803,7.18081,7.17349,4136,29.3,14,14,96,90.5,43.0513,90.9354,62.8,12.9,11.2,100,96.3,66,25.7816,0,7,5.994,0,90.5,100,854.709,0,0
104.424,803,7.1968,7.17349,4142,29.3,14,14,96,90.4,43.0513,90.9354,62.7,12.9,11.2,100,96.3,66,25.7816,0,6,5.994,0,90.4,100,864.043,0,0
104.445,803,7.1968,7.21145,4149,29.3,14,14,96,90.6,43.0513,90.9354,62.7,12.9,11.2,100,96.4,66,25.7816,0,7,5.994,0,90.6,100,835.375,0,0
104.465,804,7.18947,7.17349,4148,29.3,14,14,96,90.6,43.0513,90.9354,62.7,12.9,11.2,100,96.4,66,25.7816,-10.2,-6,5.994,0,90.6,100,900.045,0,0
104.486,804,7.18281,7.16683,4149,29.3,14,14,96,90.5,42.9957,90.8798,62.8,12.9,11.2,100,96.4,66,25.7816,0,6,5.994,0,90.5,100,1034.72,0,0
104.505,804,7.17548,7.18947,4155,29.3,14,14,96,90.2,42.9957,90.8798,62.8,12.9,11.2,100,96.3,66,25.7816,0,-13,5.994,0,90.2,100,830.708,0,0
104.525,804,7.18947,7.1968,4170,29.3,14,14,96,90.6,42.9957,90.8798,62.9,12.9,11.2,100,96.5,66,25.7816,10.1,13,5.994,0,90.6,100,1057.39,0,0
104.545,804,7.17548,7.16749,4169,29.3,14,14,96,90.3,42.9402,90.8798,62.8,12.9,11.2,100,96.4,66,25.7816,0,-6,5.994,0,90.3,100,859.376,0,0
104.564,804,7.17548,7.18947,4172,29.3,14,14,96,90,42.9402,90.8798,62.7,12.9,11.2,100,96.4,66,25.7816,0,0,5.994,0,90,100,918.713,0,0
104.585,804,7.17548,7.18281,4177,29.2,14,14,96,90.4,42.9402,90.8798,62.7,12.7,11.3,100,96.5,66,25.7816,0,0,5.994,0,90.4,100,862.043,0,0
104.604,804,7.17548,7.15351,4173,29.3,14,14,96,90.3,42.9402,90.8798,62.7,12.7,11.3,100,96.5,66,25.7816,-9.8,-7,5.994,0,90.3,100,964.715,0,0
104.624,804,7.16749,7.16083,4174,29.3,14,14,96,90.1,42.9402,90.8798,62.8,12.7,11.3,100,96.4,66,25.7816,9.6,-6,5.994,0,90.1,100,860.043,0,0
104.645,804,7.16749,7.16749,4188,29.3,14,14,96,90.2,42.9402,90.7132,62.8,12.7,11.3,100,96.5,66,25.7816,0,0,5.994,0,90.2,100,937.38,0,0
104.665,804,7.16749,7.14685,4192,29.3,14,14,96,90.3,42.9402,90.7132,62.8,12.9,11.3,100,96.5,66,25.7816,0,0,5.994,0,90.3,100,988.049,0,0
104.684,804,7.16083,7.15351,4193,29.3,14,14,96,90.3,42.9402,90.7132,62.8,12.9,11.3,100,96.4,66,25.7816,0,13,5.994,0,90.3,100,866.71,0,0
104.703,804,7.16083,7.17548,4194,29.3,14,14,96,90.1,42.8846,90.8798,62.7,12.9,11.3,100,96.5,66,25.7816,0,-14,5.994,0,90.1,100,898.045,0,0
104.724,804,7.16083,7.14685,4200,29.3,14,14,96,90.2,42.8846,90.8798,62.7,12.7,11.3,100,96.5,66,25.7816,0,0,5.994,0,90.2,100,951.381,0,0
104.745,804,7.15484,7.14951,4203,29.3,14,14,96,90.1,42.8846,90.8798,62.7,12.7,11.3,100,96.5,66,25.7816,-10,14,5.994,0,90.1,100,917.379,0,0
104.764,804,7.16949,7.17682,4207,29.3,14,14,96,90,42.8846,90.8798,62.8,12.7,11.3,100,96.5,66,25.7816,0,0,5.994,0,90,100,1032.05,0,0
104.785,804,7.17682,7.17682,4216,29.3,14,14,96,90.2,42.8291,90.8798,62.8,12.7,11.3,100,96.6,66,25.7816,0,7,5.994,0,90.2,100,896.045,0,0
104.806,804,7.16949,7.15484,4214,29.3,14,14,96,90.1,42.8291,90.8798,62.8,12.8,11.3,100,96.6,66,25.7816,0,0,5.994,0,90.1,100,939.38,0,0
104.825,804,7.16949,7.1635,4223,29.3,14,14,96,89.9,42.8291,90.8798,62.8,12.8,11.3,100,96.7,66,25.7816,0,0,5.994,0,89.9,100,1056.72,0,0
104.845,804,7.16283,7.16283,4225,29.2,14,14,96,90,42.7735,90.8798,62.7,12.8,11.3,100,96.6,66,25.7816,0,0,5.994,0,90,100,884.711,0,0
104.866,804,7.1635,7.15684,4225,29.2,14,14,96,90.1,42.7735,90.8798,62.8,12.8,11.3,100,96.7,66,25.7816,10.2,-6,5.994,0,90.1,100,958.715,0,0
104.887,804,7.1635,7.15883,4233,29.2,14,14,96,90,42.7735,90.8798,62.8,12.6,11.3,100,96.7,66,25.7816,0,6,5.994,0,90,100,1046.05,0,0
104.907,804,7.16549,7.17149,4234,29.3,14,14,96,89.7,42.7735,90.8798,62.8,12.6,11.3,100,96.9,66,25.7816,-9.4,-14,5.994,0,89.7,100,936.714,0,0
104.927,804,7.17149,7.17149,4239,29.3,14,14,96,89.8,42.7735,90.8798,62.8,12.6,11.3,100,96.8,66,25.7816,0,-13,5.994,0,89.8,100,881.377,0,0
104.946,804,7.17149,7.15883,4243,29.2,14,14,96,90,42.7735,90.8798,62.7,12.6,11.3,100,96.7,66,25.7816,0,14,5.994,0,90,100,921.379,0,0
104.966,804,7.16549,7.16683,4248,29.3,14,14,96,89.6,42.7735,90.8798,62.8,12.7,11.3,100,97,66,25.7816,9.3,-13,5.994,0,89.6,100,844.042,0,0
104.987,804,7.17149,7.17149,4253,29.3,14,14,96,89.8,42.7735,90.8798,62.8,12.7,11.3,100,96.9,66,25.7816,10,-14,5.994,0,89.8,100,878.044,0,0
105.007,804,7.17149,7.16683,4249,29.2,14,14,96,90,42.718,90.8798,62.7,12.7,11.3,100,96.7,66,25.7816,-9.8,14,5.994,0,90,100,914.046,0,0
105.027,804,7.16549,7.16882,4261,29.3,14,14,96,89.8,42.718,90.8798,62.8,12.8,11.3,100,96.9,66,25.7816,0,0,5.994,0,89.8,100,1030.72,0,0
105.047,804,7.16683,7.16549,4263,29.3,14,14,96,89.4,42.718,90.8798,62.8,12.8,11.3,100,97.2,66,25.7816,-9.8,-7,5.994,0,89.4,100,860.043,0,0
105.067,804,7.17548,7.16683,4271,29.3,14,14,96,89.7,42.6624,90.8798,62.7,12.8,11.3,100,97,66,25.7816,-9.7,-7,5.994,0,89.7,100,898.712,0,0
105.088,804,7.17548,7.16283,4274,29.3,14,14,96,89.6,42.6624,90.9354,62.8,12.8,11.3,100,97.1,66,25.7816,0,-7,5.994,0,89.6,100,1066.05,0,0
105.109,804,7.17548,7.16283,4277,29.3,14,14,96,89.3,42.6624,90.9354,62.8,13.1,11.3,100,97.3,66,25.7816,0,7,5.994,0,89.3,100,1072.72,0,0
105.129,804,7.17548,7.17548,4275,29.2,14,14,96,89.7,42.6624,90.9354,62.8,13.1,11.3,100,97.1,66,25.7816,0,0,5.994,0,89.7,100,1072.72,0,0
105.149,804,7.17482,7.17548,4288,29.2,14,14,96,89.7,42.6068,90.9354,62.9,13.1,11.3,100,97.1,66,25.7816,9,6,5.994,0,89.7,100,859.376,0,0
105.17,804,7.17548,7.16949,4286,29.2,14,14,96,89.7,42.6068,90.8798,62.8,13.1,11.3,100,97.1,66,25.7816,0,7,5.994,0,89.7,100,891.378,0,0
105.189,804,7.18481,7.17149,4286,29.3,14,14,96,89.3,42.6068,90.8798,62.7,12.8,11.3,100,97.4,66,25.7816,-9.1,-7,5.994,0,89.3,100,880.044,0,0
105.21,804,7.17548,7.18281,4299,29.3,14,14,96,89.5,42.6068,90.8798,62.8,12.8,11.3,100,97.3,66,25.7816,10,-14,5.994,0,89.5,100,1028.72,0,0
105.23,804,7.18481,7.17149,4296,29.3,14,14,96,89.6,42.5513,90.8798,62.8,12.8,11.3,100,97.2,66,25.7816,0,14,5.994,0,89.6,100,1006.72,0,0
105.249,804,7.17748,7.17149,4300,29.3,14,14,96,89.6,42.5513,90.8798,62.8,13,11.3,100,97.2,66,25.7816,0,7,5.994,0,89.6,100,857.376,0,0
105.269,804,7.17948,7.17748,4305,29.3,14,14,96,89.3,42.5513,90.8798,62.8,13,11.3,100,97.5,66,25.7816,-9.8,-22,5.994,0,89.3,100,946.047,0,0
105.288,804,7.18547,7.17748,4311,29.3,14,14,96,89.5,42.4958,90.8798,62.7,13,11.3,100,97.3,66,25.7816,-9.7,14,5.994,0,89.5,100,1056.05,0,0
105.309,804,7.17881,7.17282,4314,29.3,14,14,96,89.4,42.4958,90.8798,62.7,13,11.3,100,97.4,66,25.7816,0,-7,5.994,0,89.4,100,886.711,0,0
105.33,804,7.18547,7.18547,4315,29.3,14,14,96,89.2,42.4958,90.8798,62.8,12.9,11.4,100,97.6,66,25.7816,0,7,5.994,0,89.2,100,882.711,0,0
105.351,804,7.18747,7.17948,4325,29.3,14,14,96,89.3,42.4958,90.8798,62.7,12.9,11.4,100,97.6,66,25.7816,-9.7,-7,5.994,0,89.3,100,896.045,0,0
105.37,804,7.1888,7.1888,4325,29.3,14,14,96,89.3,42.4402,90.8798,62.6,12.9,11.4,100,97.6,66,25.7816,-9.7,0,5.994,0,89.3,100,900.045,0,0
105.391,804,7.18148,7.17482,4332,29.2,14,14,96,89.5,42.4402,90.8798,62.6,12.9,11.4,100,97.5,66,25.7816,0,21,5.994,0,89.5,100,1064.72,0,0
105.412,804,7.18281,7.18148,4333,29.3,14,14,96,89,42.4402,90.8798,62.6,13.1,11.4,100,97.8,66,25.7816,0,-30,5.994,0,89,100,1021.38,0,0
105.433,804,7.1888,7.1888,4340,29.3,14,14,96,89.2,42.4402,90.8798,62.6,13.1,11.4,100,97.7,66,25.7816,0,-7,5.994,0,89.2,100,948.714,0,0
105.454,805,7.18148,7.16882,4338,29.3,14,14,96,89.2,42.4402,90.8798,62.7,13.1,11.4,100,97.7,66,25.7816,10,0,5.994,0,89.2,100,920.713,0,0
105.475,805,7.18281,7.17682,4346,29.3,14,14,96,89.1,42.4402,90.8798,62.7,13,11.4,100,97.8,66,25.7816,0,0,5.994,0,89.1,100,937.38,0,0
105.496,805,7.18481,7.18281,4349,29.4,14,14,96,88.8,42.4402,90.8798,62.8,13,11.4,100,98,66,25.7816,9.6,-7,5.994,0,88.8,100,881.377,0,0
105.517,805,7.18547,7.1908,4360,29.3,14,14,96,88.9,42.4402,90.8798,62.8,13,11.4,100,98,66,25.7816,9.8,-14,5.994,0,88.9,100,875.377,0,0
105.537,805,7.18481,7.18481,4359,29.3,14,14,96,89,42.4402,90.7132,62.8,13,11.4,100,97.9,66,25.7816,9.7,7,5.994,0,89,100,884.044,0,0
105.558,805,7.18481,7.1635,4362,29.3,14,14,96,89,42.4402,90.7132,62.8,13.1,11.4,100,97.9,66,25.7816,9.8,0,5.994,0,89,100,900.045,0,0
105.579,805,7.17881,7.15684,4363,29.4,14,14,96,88.6,42.4402,90.7132,62.8,13.1,11.5,100,98.1,66,25.7816,9.7,-14,5.994,0,88.6,100,874.044,0,0
105.599,805,7.1928,7.18481,4364,29.3,14,14,96,89,42.3847,90.7687,62.8,13.1,11.5,100,98,66,25.7816,9.7,0,5.994,0,89,100,868.043,0,0
105.62,805,7.1928,7.1928,4376,29.3,14,14,96,89,42.3847,90.7687,62.9,13.2,11.5,100,98,66,25.7816,19.5,0,5.994,0,89,100,852.709,0,0
105.64,805,7.18547,7.17282,4381,29.3,14,14,96,88.9,42.3847,90.7687,62.8,13.2,11.5,100,98.1,66,25.7816,0,-7,5.994,0,88.9,100,860.043,0,0
105.661,805,7.18681,7.16683,4390,29.4,14,14,96,88.5,42.3291,90.7687,62.7,13.2,11.5,100,98.3,66,25.7816,0,-7,5.994,0,88.5,100,874.71,0,0
105.681,805,7.18547,7.18547,4381,29.3,14,14,96,88.9,42.3291,90.7687,62.8,13.2,11.5,100,98.1,66,25.7816,19.5,0,5.994,0,88.9,100,884.044,0,0
105.701,805,7.18547,7.18547,4381,29.3,14,14,96,88.9,42.3291,90.7687,62.8,12.9,11.5,100,98.1,66,25.7816,9.7,0,5.994,0,88.9,100,854.709,0,0
105.72,805,7.18681,7.16483,4389,29.3,14,14,96,88.8,42.3291,90.7687,62.8,12.9,11.5,100,98.2,66,25.7816,9,0,5.994,0,88.8,100,941.38,0,0
105.741,805,7.17349,7.18681,4394,29.4,14,14,96,88.4,42.3291,90.7687,62.6,12.9,11.5,100,98.4,66,25.7816,0,-15,5.994,0,88.4,100,1034.72,0,0
105.761,805,7.18081,7.1948,4404,29.3,14,14,96,88.7,42.3291,90.7687,62.5,12.9,11.5,100,98.3,66,25.7816,0,0,5.994,0,88.7,100,1036.05,0,0
105.782,805,7.18081,7.17349,4404,29.3,14,14,96,88.7,42.3291,90.7687,62.8,12.9,11.5,100,98.3,66,25.7816,29.2,0,5.994,0,88.7,100,1027.38,0,0
105.803,805,7.18281,7.17482,4409,29.3,14,14,96,88.8,42.2736,90.7687,62.8,12.9,11.4,100,98.3,66,25.7816,9.7,15,5.994,0,88.8,100,952.048,0,0
105.824,805,7.18081,7.19546,4412,29.4,14,14,96,88.5,42.2736,90.7687,62.7,12.9,11.4,100,98.4,66,25.7816,0,-7,5.994,0,88.5,100,952.048,0,0
105.845,805,7.18281,7.19546,4416,29.4,14,14,96,88.6,42.2736,90.7687,62.8,13.1,11.4,100,98.4,66,25.7816,19.5,-7,5.994,0,88.6,100,870.71,0,0
105.865,805,7.18081,7.1948,4421,29.3,14,14,96,88.9,42.2736,90.7687,62.8,13.1,11.4,100,98.2,66,25.7816,9.6,7,5.994,0,88.9,100,888.711,0,0
105.885,805,7.20479,7.18281,4426,29.3,14,14,96,88.8,42.1625,90.7687,62.7,13.1,11.4,100,98.4,66,25.7816,0,7,5.994,0,88.8,100,883.378,0,0
105.905,805,7.18281,7.18947,4427,29.4,14,14,96,88.2,42.1625,90.7687,62.6,13.2,11.4,100,98.6,66,25.7816,9.7,-14,5.994,0,88.2,100,868.71,0,0
105.926,805,7.18281,7.18281,4432,29.4,14,14,96,88.4,42.1625,90.7687,62.8,13.2,11.4,100,98.6,66,25.7816,19.7,-15,5.994,0,88.4,100,891.378,0,0
105.947,805,7.20479,7.20479,4431,29.3,14,14,96,88.8,42.1625,90.7687,62.8,13.2,11.4,100,98.4,66,25.7816,9.7,28,5.994,0,88.8,100,886.711,0,0
105.967,805,7.20479,7.18281,4430,29.3,14,14,96,88.8,42.1069,90.7687,62.7,13.2,11.4,100,98.4,66,25.7816,0,7,5.994,0,88.8,100,885.378,0,0
105.987,805,7.18281,7.16749,4440,29.4,14,14,96,88.4,42.1069,90.7687,62.6,12.7,11.4,100,98.5,66,25.7816,0,-15,5.994,0,88.4,100,879.377,0,0
106.007,805,7.17548,7.18281,4443,29.4,14,14,96,88.4,42.1069,90.7687,62.5,12.7,11.4,100,98.6,66,25.7816,-9.6,-15,5.994,0,88.4,100,859.376,0,0
106.027,805,7.18348,7.18348,4456,29.3,14,14,96,88.5,42.1069,90.7687,62.4,12.7,11.4,100,98.6,66,25.7816,-9.6,7,5.994,0,88.5,100,878.044,0,0
106.047,805,7.18348,7.16949,4458,29.3,14,14,96,88.5,42.1069,90.8798,62.4,12.7,11.4,100,98.6,66,25.7816,-9.6,7,5.994,0,88.5,100,873.377,0,0
106.067,805,7.18481,7.17748,4455,29.4,14,14,96,88.3,42.1069,90.8798,62.5,13,11.4,100,98.7,66,25.7816,0,-7,5.994,0,88.3,100,894.711,0,0
106.087,805,7.18481,7.18348,4461,29.4,14,14,96,88.4,42.1069,90.8798,62.5,13,11.4,100,98.7,66,25.7816,0,-15,5.994,0,88.4,100,906.045,0,0
106.106,805,7.18348,7.16949,4459,29.3,14,14,96,88.5,42.1069,90.8798,62.4,13,11.4,100,98.6,66,25.7816,-9.6,7,5.994,0,88.5,100,894.045,0,0
106.127,805,7.17149,7.17149,4467,29.4,14,14,96,88.4,42.1069,90.8798,62.4,13,11.4,100,98.7,66,25.7816,-9.7,22,5.994,0,88.4,100,1066.05,0,0
106.147,805,7.18481,7.18481,4468,29.4,14,14,96,88.2,42.1069,90.8798,62.5,13.2,11.4,100,98.8,66,25.7816,0,0,5.994,0,88.2,100,930.713,0,0
106.167,805,7.18481,7.1928,4470,29.4,14,14,96,88.4,42.1069,90.8798,62.5,13.2,11.4,100,98.7,66,25.7816,-19.7,0,5.994,0,88.4,100,981.382,0,0
106.188,805,7.19347,7.17881,4477,29.3,14,14,96,88.4,42.1069,90.8798,62.5,13.2,11.4,100,98.8,66,25.7816,-9.7,0,5.994,0,88.4,100,964.715,0,0
106.209,805,7.18547,7.17149,4484,29.3,14,14,96,88.3,42.1069,90.8798,62.6,13.4,11.4,100,98.8,66,25.7816,10,7,5.994,0,88.3,100,902.712,0,0
106.229,805,7.18547,7.18547,4488,29.3,14,14,96,88.3,42.1069,90.8798,62.6,13.4,11.4,100,98.8,66,25.7816,0,0,5.994,0,88.3,100,886.044,0,0
106.25,805,7.17149,7.18547,4485,29.4,14,14,96,88.1,42.0513,90.8798,62.6,13.4,11.4,100,98.9,66,25.7816,10,-22,5.994,0,88.1,100,902.712,0,0
106.271,805,7.18547,7.18547,4497,29.3,14,14,96,88.3,42.0513,90.8798,62.5,13.4,11.4,100,98.9,66,25.7816,0,15,5.994,0,88.3,100,1093.39,0,0
106.291,805,7.18547,7.17948,4499,29.3,14,14,96,88.3,42.0513,90.8798,62.7,13.3,11.4,100,98.9,66,25.7816,19.5,14,5.994,0,88.3,100,953.381,0,0
106.312,805,7.18547,7.17948,4504,29.4,14,14,96,88,42.0513,90.8798,62.7,13.3,11.4,100,99,66,25.7816,19.7,0,5.994,0,88,100,970.715,0,0
106.331,805,7.17948,7.18747,4504,29.4,14,14,96,88.1,41.9958,90.8798,62.6,13.3,11.4,100,99,66,25.7816,9.7,-14,5.994,0,88.1,100,859.376,0,0
106.351,805,7.20079,7.20079,4516,29.3,14,14,96,88.5,41.9958,90.8798,62.6,13.3,11.4,100,98.9,66,25.7816,9.8,37,5.994,0,88.5,100,981.382,0,0
106.37,805,7.1948,7.17948,4514,29.3,14,14,96,88.3,41.9958,90.8798,62.6,13.3,11.4,100,99,66,25.7816,0,7,5.994,0,88.3,100,891.378,0,0
106.391,805,7.1888,7.18081,4518,29.4,14,14,96,87.9,41.9403,90.8798,62.6,13.3,11.4,100,99.1,66,25.7816,0,-22,5.994,0,87.9,100,1102.72,0,0
106.41,805,7.1888,7.18747,4516,29.4,14,14,96,87.9,41.9403,90.7132,62.6,13.3,11.4,100,99.1,66,25.7816,0,-7,5.994,0,87.9,100,906.712,0,0
106.431,805,7.1888,7.18747,4525,29.4,14,14,96,88.2,41.9403,90.7132,62.7,12.9,11.4,100,99,66,25.7816,9.6,8,5.994,0,88.2,100,1099.39,0,0
106.451,806,7.1948,7.1888,4527,29.3,14,14,96,88.3,41.9403,90.7132,62.5,12.9,11.4,100,99,66,25.7816,-20,23,5.994,0,88.3,100,881.377,0,0
106.472,806,7.18947,7.18081,4533,29.4,14,14,96,88.1,41.8847,90.7132,62.5,12.9,11.4,100,99.1,66,25.7816,0,15,5.994,0,88.1,100,888.044,0,0
106.492,806,7.18947,7.1888,4529,29.5,14,14,96,87.6,41.8847,90.6576,62.5,12.9,11.4,100,99.2,66,25.7816,10.1,-14,5.994,0,87.6,100,1036.05,0,0
106.513,806,7.18947,7.1888,4541,29.4,14,14,96,87.8,41.8847,90.6576,62.4,13.1,11.4,100,99.2,66,25.7816,-9.4,-7,5.994,0,87.8,100,1062.05,0,0
106.534,806,7.20346,7.18148,4544,29.3,14,14,96,88.3,41.8847,90.6576,62.6,13.1,11.4,100,99.1,66,25.7816,20,37,5.994,0,88.3,100,948.047,0,0
106.553,806,7.1968,7.16749,4548,29.4,14,14,96,88,41.8292,90.8242,62.8,13.1,11.4,100,99.2,66,25.7816,19.7,7,5.994,0,88,100,925.38,0,0
106.574,806,7.18947,7.17482,4549,29.5,14,14,96,87.7,41.8292,90.8242,62.7,13.2,11.4,100,99.3,66,25.7816,-9.5,-7,5.994,0,87.7,100,872.044,0,0
106.595,806,7.17482,7.18947,4556,29.5,14,14,96,87.7,41.8292,90.8242,62.8,13.2,11.4,100,99.3,66,25.7816,0,-15,5.994,0,87.7,100,894.711,0,0
106.615,806,7.17482,7.18148,4562,29.4,14,14,96,87.8,42.4958,90.8242,62.5,13.2,11.4,100,99.3,66,25.7816,-10,0,5.994,0,87.8,100,974.049,0,0
106.635,806,7.17548,7.16083,4562,29.5,14,14,96,87.6,42.4958,90.8242,62.7,13.2,11.4,100,99.4,66,25.7816,19.2,0,5.994,0,87.6,100,949.381,0,0
106.655,806,7.17548,7.16083,4569,29.5,14,14,96,87.6,42.4958,90.8242,62.6,13.2,11.4,100,99.4,66,25.7816,9.5,0,5.994,0,87.6,100,942.714,0,0
106.674,806,7.18348,7.18947,4563,29.5,14,14,96,87.7,42.4958,90.8242,62.6,13.2,11.4,100,99.4,66,25.7816,0,7,5.994,0,87.7,100,926.713,0,0
