localtime,seconds,pulseWidth1,pulseWidth2,rpm,advance,afrtgt1,afrtgt2,barometer,map,mat,coolant,tps,batteryVoltage,afr1,egoCorrection1,veCurr1,iacstep,idleDC,tpsDOT,mapDOT,dwell,mafmap,fuelload,fuelCorrection,looptime,synccnt,deltaT
143.864,843,6.88711,6.87312,3068,23.7,14,14,96,92.7,41.2737,87.9357,62.6,13.1,11.7,100,89.6,66,25.7816,0,-10,5.994,0,92.7,100,752.038,0,0
143.885,843,6.88711,6.88711,3075,23.7,14,14,96,92.7,41.2737,87.9357,62.7,13.1,11.7,100,89.5,66,25.7816,0,10,5.994,0,92.7,100,768.038,0,0
143.904,843,6.87512,6.87712,3081,23.7,14,14,96,92.8,41.2737,87.8801,62.7,13.1,11.6,100,89.4,66,25.7816,0,0,5.994,0,92.8,100,730.703,0,0
143.925,843,6.86579,6.87512,3086,23.8,14,14,96,92.9,41.2737,87.8801,62.7,13.2,11.6,100,89.3,66,25.7816,0,10,5.994,0,92.9,100,750.038,0,0
143.945,843,6.87312,6.86579,3084,23.7,14,14,96,93,41.2737,87.8801,62.7,13.2,11.6,100,89.2,66,25.7816,0,-5,5.994,0,93,100,1095.39,0,0
143.966,843,6.85314,6.86579,3090,23.8,14,14,96,92.6,41.2181,87.8801,62.7,13.2,11.6,100,89.2,66,25.7816,0,5,5.994,0,92.6,100,1088.72,0,0
143.987,843,6.83516,6.84581,3098,23.9,14,14,96,92.6,41.2181,87.9357,62.6,13.2,11.6,100,89,66,25.7816,-9.6,-20,5.994,0,92.6,100,726.036,0,0
144.006,843,6.83516,6.83516,3102,23.9,14,14,96,92.6,41.2181,87.9357,62.6,13.7,11.6,100,89,66,25.7816,0,0,5.994,0,92.6,100,695.368,0,0
144.027,843,6.84115,6.83516,3104,23.9,14,14,96,92.7,41.2181,87.9357,62.6,13.7,11.6,100,89,66,25.7816,0,9,5.994,0,92.7,100,698.035,0,0
144.048,843,6.84115,6.84115,3103,23.9,14,14,96,92.5,41.1626,87.9357,62.6,13.7,11.6,100,89,66,25.7816,0,-19,5.994,0,92.5,100,802.707,0,0
144.069,843,6.83183,6.82783,3110,24,14,14,96,92.7,41.1626,87.9357,62.6,13.5,11.6,100,88.9,66,25.7816,0,10,5.994,0,92.7,100,754.704,0,0
144.089,843,6.83183,6.83183,3112,24,14,14,96,92.7,41.1626,87.9357,62.6,13.5,11.6,100,88.9,66,25.7816,0,0,5.994,0,92.7,100,736.703,0,0
144.11,843,6.83915,6.83915,3121,24,14,14,96,92.8,41.1626,87.9357,62.6,13.5,11.6,100,88.9,66,25.7816,0,9,5.994,0,92.8,100,747.371,0,0
144.131,843,6.83183,6.83183,3123,24,14,14,96,92.7,41.1626,88.1023,62.6,13.5,11.6,100,88.9,66,25.7816,0,-5,5.994,0,92.7,100,809.374,0,0
144.151,843,6.83915,6.83915,3131,24.1,14,14,96,92.8,41.1626,88.1023,62.6,13.6,11.6,100,88.8,66,25.7816,0,0,5.994,0,92.8,100,718.703,0,0
144.172,843,6.83915,6.83183,3133,24.1,14,14,96,92.8,41.1626,88.1023,62.6,13.6,11.6,100,88.8,66,25.7816,0,-5,5.994,0,92.8,100,901.378,0,0
144.193,843,6.83915,6.83915,3140,24.1,14,14,96,92.7,41.0515,87.9357,62.6,13.6,11.6,100,88.7,66,25.7816,0,5,5.994,0,92.7,100,757.371,0,0
144.212,843,6.82983,6.82317,3142,24.2,14,14,96,92.8,41.0515,87.9357,62.7,13.3,11.6,100,88.7,66,25.7816,10.5,-5,5.994,0,92.8,100,743.37,0,0
144.231,843,6.82317,6.82983,3145,24.2,14,14,96,92.7,41.0515,87.9357,62.7,13.3,11.6,100,88.7,66,25.7816,0,5,5.994,0,92.7,100,750.038,0,0
144.25,843,6.82983,6.82317,3150,24.2,14,14,96,92.8,41.0515,87.9357,62.7,13.3,11.6,100,88.7,66,25.7816,0,-5,5.994,0,92.8,100,768.705,0,0
144.269,843,6.82117,6.82983,3158,24.2,14,14,96,92.8,41.0515,87.9357,62.7,13.3,11.6,100,88.6,66,25.7816,0,10,5.994,0,92.8,100,750.704,0,0
144.288,843,6.82117,6.80719,3163,24.3,14,14,96,92.9,41.0515,87.9357,62.6,13.4,11.6,100,88.6,66,25.7816,0,-15,5.994,0,92.9,100,764.038,0,0
144.307,843,6.82117,6.82117,3163,24.3,14,14,96,92.8,41.0515,87.9357,62.6,13.4,11.6,100,88.6,66,25.7816,0,15,5.994,0,92.8,100,779.372,0,0
144.329,843,6.82717,6.81385,3168,24.3,14,14,96,93,40.9959,87.9357,62.6,13.4,11.6,100,88.6,66,25.7816,0,-10,5.994,0,93,100,752.704,0,0
144.35,843,6.81784,6.82717,3172,24.3,14,14,96,93,40.9959,87.9357,62.6,13.4,11.6,100,88.5,66,25.7816,0,15,5.994,0,93,100,780.039,0,0
144.369,843,6.81185,6.81185,3177,24.4,14,14,96,92.9,40.9959,87.9357,62.6,13.6,11.6,100,88.5,66,25.7816,0,5,5.994,0,92.9,100,726.036,0,0
144.388,843,6.81185,6.81185,3174,24.3,14,14,96,92.7,40.9959,87.9357,62.6,13.6,11.6,100,88.5,66,25.7816,0,-10,5.994,0,92.7,100,888.711,0,0
144.407,843,6.81185,6.80519,3178,24.4,14,14,96,92.9,40.9403,87.9357,62.6,13.6,11.6,100,88.5,66,25.7816,0,10,5.994,0,92.9,100,918.046,0,0
144.428,843,6.81185,6.81185,3181,24.4,14,14,96,92.8,40.9403,87.9357,62.6,13.2,11.6,100,88.5,66,25.7816,0,-5,5.994,0,92.8,100,902.712,0,0
144.449,843,6.81185,6.81185,3188,24.4,14,14,96,92.9,40.9403,87.9357,62.6,13.2,11.6,100,88.4,66,25.7816,0,5,5.994,0,92.9,100,736.037,0,0
144.469,844,6.81185,6.80519,3197,24.4,14,14,96,92.7,40.8848,87.9357,62.6,13.2,11.6,100,88.4,66,25.7816,0,-10,5.994,0,92.7,100,770.705,0,0
144.49,844,6.81185,6.81185,3207,24.5,14,14,96,92.9,40.8848,87.8801,62.6,13.2,11.6,100,88.4,66,25.7816,0,11,5.994,0,92.9,100,893.378,0,0
144.509,844,6.80186,6.80186,3209,24.6,14,14,96,93.1,40.8848,87.8801,62.6,13.2,11.6,100,88.3,66,25.7816,0,0,5.994,0,93.1,100,754.038,0,0
144.53,844,6.81584,6.81584,3213,24.6,14,14,96,93,40.8848,87.8801,62.6,13.2,11.6,100,88.3,66,25.7816,0,10,5.994,0,93,100,733.37,0,0
144.551,844,6.80918,6.80186,3214,24.6,14,14,96,92.9,40.9403,87.8801,62.6,13.2,11.6,100,88.3,66,25.7816,0,-10,5.994,0,92.9,100,800.04,0,0
144.571,844,6.80186,6.80186,3217,24.6,14,14,96,92.9,40.9403,87.9357,62.6,13.2,11.6,100,88.3,66,25.7816,0,0,5.994,0,92.9,100,734.703,0,0
144.591,844,6.79986,6.7932,3222,24.6,14,14,96,93,40.9403,87.9357,62.6,13.3,11.6,100,88.2,66,25.7816,0,-5,5.994,0,93,100,755.371,0,0
144.612,844,6.7932,6.7932,3231,24.7,14,14,96,92.8,40.9403,87.9357,62.6,13.3,11.6,100,88.2,66,25.7816,0,5,5.994,0,92.8,100,796.04,0,0
144.631,844,6.78388,6.77788,3234,24.7,14,14,96,92.9,40.9403,88.1023,62.6,13.3,11.6,100,88.1,66,25.7816,0,11,5.994,0,92.9,100,715.369,0,0
144.651,844,6.78388,6.78388,3233,24.7,14,14,96,92.8,40.9403,88.1023,62.6,13.3,11.6,100,88.1,66,25.7816,0,-5,5.994,0,92.8,100,730.703,0,0
144.671,844,6.78388,6.78388,3238,24.7,14,14,96,92.9,40.9403,88.1023,62.6,13.3,11.6,100,88.1,66,25.7816,0,5,5.994,0,92.9,100,774.039,0,0
144.69,844,6.78388,6.78388,3237,24.7,14,14,96,92.9,40.8848,88.1023,62.6,13.3,11.5,100,88.1,66,25.7816,0,0,5.994,0,92.9,100,738.037,0,0
144.711,844,6.78388,6.78388,3241,24.7,14,14,96,92.9,40.8848,88.1579,62.6,13.3,11.5,100,88.1,66,25.7816,0,0,5.994,0,92.9,100,741.37,0,0
144.732,844,6.78388,6.78388,3255,24.8,14,14,96,92.8,40.8848,88.1579,62.6,13.4,11.5,100,88,66,25.7816,0,-5,5.994,0,92.8,100,887.378,0,0
144.751,844,6.78388,6.78388,3260,24.9,14,14,96,92.9,40.8848,88.1579,62.7,13.4,11.5,100,88,66,25.7816,9.7,5,5.994,0,92.9,100,735.37,0,0
144.771,844,6.78388,6.78388,3260,24.9,14,14,96,92.9,40.8293,88.1579,62.7,13.4,11.5,100,88,66,25.7816,0,0,5.994,0,92.9,100,914.712,0,0
144.79,844,6.78388,6.78388,3266,24.9,14,14,96,92.8,40.8293,88.2134,62.7,13.4,11.5,100,87.9,66,25.7816,0,0,5.994,0,92.8,100,780.706,0,0
144.811,844,6.77522,6.77522,3268,24.9,14,14,96,92.9,40.8293,88.2134,62.7,13.4,11.5,100,87.9,66,25.7816,0,-5,5.994,0,92.9,100,770.039,0,0
144.831,844,6.77522,6.77522,3274,25,14,14,96,92.8,40.8293,88.2134,62.7,13.4,11.5,100,87.9,66,25.7816,0,5,5.994,0,92.8,100,1108.72,0,0
144.852,844,6.77522,6.77522,3271,24.9,14,14,96,92.9,40.7182,88.2134,62.8,13.4,11.5,100,87.9,66,25.7816,0,-5,5.994,0,92.9,100,785.373,0,0
144.873,844,6.77522,6.77522,3269,25,14,14,96,92.8,40.7182,88.2134,62.7,13.4,11.5,100,87.9,66,25.7816,0,-5,5.994,0,92.8,100,946.047,0,0
144.893,844,6.77522,6.77522,3275,24.9,14,14,96,92.9,40.7182,88.2134,62.7,13.4,11.5,100,87.9,66,25.7816,0,5,5.994,0,92.9,100,760.038,0,0
144.914,844,6.76589,6.7599,3290,25.1,14,14,96,92.7,40.6626,88.2134,62.7,13.4,11.5,100,87.8,66,25.7816,0,-10,5.994,0,92.7,100,743.37,0,0
144.933,844,6.77322,6.77921,3297,25.1,14,14,96,93,40.6626,88.1023,62.7,13.4,11.5,100,87.8,66,25.7816,0,22,5.994,0,93,100,798.04,0,0
144.954,844,6.77322,6.75724,3303,25.1,14,14,96,92.9,40.6626,88.1023,62.7,13.5,11.5,100,87.7,66,25.7816,0,-10,5.994,0,92.9,100,762.038,0,0
144.973,844,6.75724,6.75724,3305,25.1,14,14,96,92.9,40.6626,88.1023,62.6,13.5,11.5,100,87.7,66,25.7816,-9.7,0,5.994,0,92.9,100,780.039,0,0
144.994,844,6.75724,6.75724,3307,25.2,14,14,96,92.9,40.6626,88.0468,62.6,13.5,11.5,100,87.7,66,25.7816,0,0,5.994,0,92.9,100,760.705,0,0
145.013,844,6.7639,6.76989,3305,25.1,14,14,96,93,40.6626,88.0468,62.7,13.4,11.5,100,87.7,66,25.7816,0,10,5.994,0,93,100,911.379,0,0
145.032,844,6.7639,6.75724,3311,25.2,14,14,96,93,40.6626,88.0468,62.7,13.4,11.5,100,87.7,66,25.7816,0,-16,5.994,0,93,100,728.036,0,0
145.051,844,6.75724,6.7639,3314,25.2,14,14,96,92.9,40.6626,88.0468,62.6,13.4,11.5,100,87.6,66,25.7816,-10.2,11,5.994,0,92.9,100,721.369,0,0
145.07,844,6.75724,6.75724,3320,25.3,14,14,96,92.9,40.6626,87.9357,62.5,13.4,11.5,100,87.6,66,25.7816,9.5,5,5.994,0,92.9,100,903.378,0,0
145.089,844,6.74791,6.75724,3325,25.3,14,14,96,92.8,40.6626,87.9357,62.6,13.2,11.6,100,87.5,66,25.7816,0,-5,5.994,0,92.8,100,914.046,0,0
145.11,844,6.75724,6.74791,3326,25.3,14,14,96,93.1,40.6626,87.9357,62.6,13.2,11.6,100,87.6,66,25.7816,0,17,5.994,0,93.1,100,771.372,0,0
145.131,844,6.75524,6.74791,3335,25.4,14,14,96,92.8,40.6071,87.9357,62.6,13.2,11.6,100,87.5,66,25.7816,0,-16,5.994,0,92.8,100,792.706,0,0
145.151,844,6.74791,6.74791,3341,25.4,14,14,96,92.9,40.6071,87.8801,62.6,13.2,11.6,100,87.5,66,25.7816,0,5,5.994,0,92.9,100,765.372,0,0
145.172,844,6.74791,6.73925,3348,25.5,14,14,96,92.8,40.6071,87.8801,62.7,13.2,11.6,100,87.4,66,25.7816,0,-5,5.994,0,92.8,100,835.375,0,0
145.191,844,6.73925,6.73925,3348,25.5,14,14,96,92.8,40.6071,87.8801,62.7,13.2,11.6,100,87.4,66,25.7816,0,5,5.994,0,92.8,100,756.705,0,0
145.21,844,6.73925,6.73193,3349,25.5,14,14,96,92.8,40.4404,87.8801,62.4,13.2,11.6,100,87.4,66,25.7816,20.5,-11,5.994,0,92.8,100,789.373,0,0
145.231,844,6.73925,6.73925,3351,25.5,14,14,96,92.9,40.4404,87.8246,62.6,13.2,11.6,100,87.4,66,25.7816,9.7,11,5.994,0,92.9,100,930.047,0,0
145.251,844,6.73925,6.73925,3357,25.5,14,14,96,92.9,40.4404,87.8246,62.6,13,11.6,100,87.4,66,25.7816,0,5,5.994,0,92.9,100,952.714,0,0
145.27,844,6.72993,6.73925,3361,25.6,14,14,96,92.8,40.4404,87.8246,62.6,13,11.6,100,87.3,66,25.7816,0,-5,5.994,0,92.8,100,784.039,0,0
145.29,844,6.72993,6.72993,3372,25.6,14,14,96,92.9,40.3848,87.8801,62.6,13,11.6,100,87.3,66,25.7816,0,5,5.994,0,92.9,100,723.37,0,0
145.311,844,6.72993,6.72327,3372,25.6,14,14,96,92.7,40.3848,87.8801,62.6,13.4,11.6,100,87.3,66,25.7816,0,-10,5.994,0,92.7,100,936.047,0,0
145.331,844,6.72993,6.72993,3378,25.7,14,14,96,92.8,40.3848,87.8801,62.6,13.4,11.6,100,87.2,66,25.7816,0,5,5.994,0,92.8,100,924.713,0,0
145.35,844,6.72993,6.72327,3376,25.7,14,14,96,92.8,40.3293,87.8801,62.6,13.4,11.6,100,87.2,66,25.7816,0,-5,5.994,0,92.8,100,772.705,0,0
145.37,844,6.72993,6.72993,3383,25.7,14,14,96,92.8,40.3293,88.0468,62.6,13.4,11.6,100,87.2,66,25.7816,0,10,5.994,0,92.8,100,769.372,0,0
145.389,844,6.72127,6.72327,3391,25.7,14,14,96,92.8,40.3293,88.0468,62.6,13.4,11.6,100,87.1,66,25.7816,0,-11,5.994,0,92.8,100,911.379,0,0
145.409,844,6.72127,6.72127,3397,25.8,14,14,96,92.8,40.3293,88.0468,62.6,13.4,11.6,100,87.1,66,25.7816,0,11,5.994,0,92.8,100,766.705,0,0
145.429,844,6.70529,6.71395,3396,25.8,14,14,96,92.8,40.3293,88.0468,62.6,13.4,11.6,100,87.1,66,25.7816,0,5,5.994,0,92.8,100,846.709,0,0
145.45,844,6.72127,6.71395,3397,25.8,14,14,96,92.7,40.3293,87.9357,62.6,13.4,11.6,100,87.1,66,25.7816,0,-5,5.994,0,92.7,100,754.704,0,0
145.469,845,6.71395,6.72127,3401,25.8,14,14,96,92.8,40.3293,87.9357,62.6,13.2,11.6,100,87.1,66,25.7816,0,5,5.994,0,92.8,100,834.042,0,0
145.488,845,6.70529,6.70529,3410,25.9,14,14,96,92.8,40.3293,87.9357,62.7,13.2,11.6,100,87,66,25.7816,9.5,-5,5.994,0,92.8,100,758.038,0,0
145.509,845,6.71195,6.71195,3416,25.9,14,14,96,92.8,40.2738,87.9357,62.7,13.2,11.6,100,87,66,25.7816,0,11,5.994,0,92.8,100,950.047,0,0
145.529,845,6.70329,6.71195,3421,25.9,14,14,96,92.8,40.2738,87.9357,62.6,13.5,11.6,100,86.9,66,25.7816,-10.2,-5,5.994,0,92.8,100,784.706,0,0
145.55,845,6.70329,6.71794,3420,25.9,14,14,96,92.8,40.2738,87.9357,62.7,13.5,11.6,100,86.9,66,25.7816,8.7,11,5.994,0,92.8,100,788.706,0,0
145.569,845,6.70329,6.69596,3424,25.9,14,14,96,92.9,40.2738,87.9357,62.7,13.5,11.6,100,86.9,66,25.7816,0,11,5.994,0,92.9,100,792.04,0,0
145.59,845,6.70329,6.70329,3423,25.9,14,14,96,92.8,40.2738,87.8801,62.7,13.5,11.6,100,86.9,66,25.7816,0,-5,5.994,0,92.8,100,770.705,0,0
145.611,845,6.70329,6.70928,3440,26,14,14,96,93,40.2738,87.8801,62.7,13.4,11.6,100,86.9,66,25.7816,0,11,5.994,0,93,100,823.375,0,0
145.63,845,6.70329,6.69596,3441,26,14,14,96,92.7,40.2738,87.8801,62.7,13.4,11.6,100,86.8,66,25.7816,0,-17,5.994,0,92.7,100,781.372,0,0
145.651,845,6.69596,6.70928,3445,26.1,14,14,96,92.9,40.2182,87.8801,62.6,13.4,11.6,100,86.8,66,25.7816,0,16,5.994,0,92.9,100,774.039,0,0
145.672,845,6.70928,6.70329,3441,26,14,14,96,93,40.2182,87.8246,62.6,13.4,11.6,100,86.8,66,25.7816,0,-11,5.994,0,93,100,916.046,0,0
145.693,845,6.70329,6.70928,3445,26.2,14,14,96,92.6,40.2182,87.8246,62.6,13.5,11.6,100,86.7,66,25.7816,0,-22,5.994,0,92.6,100,828.041,0,0
145.713,845,6.69397,6.70928,3459,26.2,14,14,96,93,40.2182,87.8246,62.6,13.5,11.6,100,86.8,66,25.7816,0,23,5.994,0,93,100,1112.06,0,0
145.732,845,6.69397,6.69397,3463,26.2,14,14,96,92.8,40.2182,87.8801,62.6,13.5,11.6,100,86.7,66,25.7816,0,-11,5.994,0,92.8,100,789.373,0,0
145.753,845,6.69397,6.69397,3466,26.3,14,14,96,92.6,40.2182,87.8801,62.6,13.3,11.6,100,86.6,66,25.7816,0,5,5.994,0,92.6,100,932.713,0,0
145.774,845,6.69397,6.67132,3463,26.2,14,14,96,92.8,40.2182,87.8801,62.6,13.3,11.6,100,86.7,66,25.7816,0,-17,5.994,0,92.8,100,762.705,0,0
145.795,845,6.68398,6.69397,3469,26.3,14,14,96,92.7,40.1627,87.8801,62.6,13.3,11.6,100,86.6,66,25.7816,0,-11,5.994,0,92.7,100,793.373,0,0
145.816,845,6.67798,6.68398,3471,26.2,14,14,96,92.8,40.1627,87.9357,62.6,13.3,11.6,100,86.6,66,25.7816,0,5,5.994,0,92.8,100,780.039,0,0
145.835,845,6.67798,6.67798,3480,26.3,14,14,96,92.7,40.1627,87.9357,62.6,13.3,11.6,100,86.6,66,25.7816,0,-5,5.994,0,92.7,100,816.708,0,0
145.854,845,6.66932,6.67532,3487,26.4,14,14,96,92.7,40.1627,87.9357,62.6,13.3,11.6,100,86.5,66,25.7816,0,5,5.994,0,92.7,100,759.371,0,0
145.875,845,6.66932,6.66932,3493,26.4,14,14,96,92.7,40.1627,87.9357,62.6,13.3,11.6,100,86.4,66,25.7816,0,-5,5.994,0,92.7,100,800.707,0,0
145.895,845,6.67532,6.68198,3490,26.3,14,14,96,92.8,40.1627,87.8801,62.6,13.3,11.6,100,86.4,66,25.7816,0,16,5.994,0,92.8,100,930.713,0,0
145.915,845,6.66932,6.66932,3490,26.3,14,14,96,92.8,40.1627,87.8801,62.6,13,11.6,100,86.5,66,25.7816,0,5,5.994,0,92.8,100,942.714,0,0
145.934,845,6.66932,6.67532,3489,26.4,14,14,96,92.7,40.1627,87.8801,62.6,13,11.6,100,86.5,66,25.7816,0,-5,5.994,0,92.7,100,771.372,0,0
145.955,845,6.66932,6.67532,3507,26.4,14,14,96,92.8,40.1071,87.9357,62.6,13,11.6,100,86.4,66,25.7816,0,5,5.994,0,92.8,100,796.706,0,0
145.975,845,6.66,6.66932,3505,26.4,14,14,96,92.8,40.1071,87.9357,62.6,13,11.6,100,86.4,66,25.7816,0,-5,5.994,0,92.8,100,935.38,0,0
145.994,845,6.67532,6.67532,3518,26.5,14,14,96,92.8,40.1071,87.9357,62.6,13,11.6,100,86.3,66,25.7816,9.4,11,5.994,0,92.8,100,773.372,0,0
146.015,845,6.66599,6.66599,3516,26.5,14,14,96,92.8,40.1071,87.9357,62.6,13,11.6,100,86.3,66,25.7816,0,-5,5.994,0,92.8,100,1092.05,0,0
146.036,845,6.63802,6.66599,3517,26.6,14,14,96,92.5,39.996,87.9357,62.6,13,11.6,100,86.2,66,25.7816,0,-23,5.994,0,92.5,100,922.713,0,0
146.057,845,6.66,6.66599,3522,26.5,14,14,96,92.8,39.996,87.9357,62.6,13.3,11.6,100,86.3,66,25.7816,0,17,5.994,0,92.8,100,801.373,0,0
146.077,845,6.65134,6.66,3527,26.6,14,14,96,92.7,39.996,87.9357,62.6,13.3,11.6,100,86.2,66,25.7816,0,-5,5.994,0,92.7,100,763.372,0,0
146.096,845,6.65134,6.65734,3531,26.6,14,14,96,92.7,39.9405,87.9357,62.6,13.3,11.6,100,86.2,66,25.7816,0,5,5.994,0,92.7,100,768.705,0,0
146.117,845,6.64202,6.65134,3539,26.7,14,14,96,92.7,39.9405,87.9357,62.6,13.3,11.6,100,86.1,66,25.7816,0,-5,5.994,0,92.7,100,1106.06,0,0
146.136,845,6.65734,6.664,3537,26.6,14,14,96,92.7,39.9405,87.9357,62.6,13.5,11.6,100,86.1,66,25.7816,0,-18,5.994,0,92.7,100,945.381,0,0
146.157,845,6.65734,6.64202,3537,26.6,14,14,96,93,39.9405,87.9357,62.6,13.5,11.6,100,86.2,66,25.7816,0,17,5.994,0,93,100,784.039,0,0
146.178,845,6.64801,6.64202,3545,26.7,14,14,96,92.7,39.996,87.8801,62.6,13.5,11.6,100,86.1,66,25.7816,0,-17,5.994,0,92.7,100,816.041,0,0
146.197,845,6.64202,6.64801,3546,26.7,14,14,96,92.7,39.996,87.8801,62.6,13.2,11.6,100,86.1,66,25.7816,0,5,5.994,0,92.7,100,802.04,0,0
146.216,845,6.64801,6.64202,3557,26.7,14,14,96,92.8,39.996,87.8801,62.6,13.2,11.6,100,86.1,66,25.7816,0,-6,5.994,0,92.8,100,1110.72,0,0
146.237,845,6.64801,6.64801,3559,26.8,14,14,96,92.8,39.996,87.8801,62.6,13.2,11.6,100,86,66,25.7816,0,11,5.994,0,92.8,100,758.038,0,0
146.256,845,6.64202,6.64202,3560,26.8,14,14,96,92.8,39.9405,87.9357,62.6,13.2,11.6,100,86,66,25.7816,0,5,5.994,0,92.8,100,780.039,0,0
146.275,845,6.64202,6.64202,3560,26.8,14,14,96,92.7,39.9405,87.9357,62.6,13.1,11.6,100,86,66,25.7816,0,-6,5.994,0,92.7,100,1112.72,0,0
146.296,845,6.64202,6.65534,3566,26.8,14,14,96,93,39.9405,87.9357,62.6,13.1,11.6,100,86.1,66,25.7816,0,17,5.994,0,93,100,849.376,0,0
146.317,845,6.64202,6.62004,3571,26.9,14,14,96,92.6,39.9405,87.9357,62.6,13.1,11.6,100,85.9,66,25.7816,0,-30,5.994,0,92.6,100,818.041,0,0
146.338,845,6.63336,6.64801,3578,26.9,14,14,96,92.7,39.9405,87.9357,62.6,13.1,11.6,100,85.9,66,25.7816,0,17,5.994,0,92.7,100,794.706,0,0
146.359,845,6.63935,6.63336,3583,26.9,14,14,96,92.9,39.9405,87.9357,62.6,13.1,11.6,100,85.9,66,25.7816,0,12,5.994,0,92.9,100,796.706,0,0
146.379,845,6.63935,6.62404,3592,27,14,14,96,92.7,39.9405,87.9357,62.6,13.1,11.6,100,85.8,66,25.7816,0,-11,5.994,0,92.7,100,824.708,0,0
146.399,845,6.63003,6.70329,3590,26.9,14,14,96,92.8,39.8849,87.9357,62.6,13.1,11.6,100,85.8,66,25.7816,0,12,5.994,0,92.8,100,830.042,0,0
146.42,845,6.68131,6.68131,3593,27,14,14,96,92.7,39.8849,87.9357,62.6,13.4,11.6,100,85.8,66,25.7816,0,-11,5.994,0,92.7,100,1114.72,0,0
146.439,845,6.65933,6.68131,3592,27,14,14,96,92.5,39.8849,87.9357,62.6,13.4,11.6,100,85.7,66,25.7816,0,-12,5.994,0,92.5,100,849.376,0,0
146.46,846,6.67532,6.68131,3594,27,14,14,96,92.7,39.9405,87.9357,62.6,13.4,11.6,100,85.8,66,25.7816,0,12,5.994,0,92.7,100,796.04,0,0
146.481,846,6.60206,6.5954,3607,27,14,14,96,92.7,39.9405,87.8801,62.6,13.4,11.6,100,85.7,66,25.7816,0,-17,5.994,0,92.7,100,794.706,0,0
146.502,846,6.61405,6.62137,3609,27.1,14,14,96,92.7,39.9405,87.8801,62.5,13,11.6,100,85.7,66,25.7816,-10.2,24,5.994,0,92.7,100,773.372,0,0
146.523,846,6.61405,6.61405,3607,27,14,14,96,93,39.9405,87.8801,62.6,13,11.6,100,85.8,66,25.7816,0,18,5.994,0,93,100,755.371,0,0
146.544,846,6.61405,6.67199,3616,27.1,14,14,96,92.7,39.8849,87.9357,62.6,13,11.6,100,85.7,66,25.7816,0,-18,5.994,0,92.7,100,787.373,0,0
146.563,846,6.67199,6.67199,3622,27.2,14,14,96,92.4,39.8849,87.9357,62.6,12.8,11.6,100,85.5,66,25.7816,0,0,5.994,0,92.4,100,848.709,0,0
146.585,846,6.63536,6.63736,3631,27.2,14,14,96,92.4,39.8849,87.9357,62.6,12.8,11.6,100,85.4,66,25.7816,0,-24,5.994,0,92.4,100,784.039,0,0
146.606,846,6.66333,6.66333,3637,27.2,14,14,96,92.7,39.8849,87.9357,62.6,12.8,11.6,100,85.5,66,25.7816,0,0,5.994,0,92.7,100,928.713,0,0
146.625,846,6.66333,6.66333,3636,27.2,14,14,96,92.7,39.8293,87.9357,62.6,12.8,11.6,100,85.5,66,25.7816,0,0,5.994,0,92.7,100,1096.72,0,0
146.644,846,6.64135,6.63536,3634,27.2,14,14,96,92.6,39.8293,87.9357,62.6,12.8,11.6,100,85.4,66,25.7816,0,-18,5.994,0,92.6,100,802.707,0,0
146.663,846,6.65734,6.67931,3635,27.2,14,14,96,92.5,39.8293,87.9357,62.6,12.8,11.6,100,85.4,66,25.7816,0,24,5.994,0,92.5,100,801.373,0,0
146.684,846,6.64801,6.65001,3640,27.2,14,14,96,92.6,39.8293,87.9357,62.6,12.8,11.6,100,85.4,66,25.7816,0,-18,5.994,0,92.6,100,754.704,0,0
146.703,846,6.64801,6.66932,3643,27.3,14,14,96,92.5,39.8293,87.9357,62.6,12.8,11.6,100,85.4,66,25.7816,0,-17,5.994,0,92.5,100,766.705,0,0
146.722,846,6.63203,6.64135,3651,27.3,14,14,96,92.7,39.8293,87.9357,62.6,12.8,11.6,100,85.4,66,25.7816,0,12,5.994,0,92.7,100,767.372,0,0
146.742,846,6.62603,6.61937,3657,27.4,14,14,96,92.3,39.8293,87.9357,62.6,12.8,11.6,100,85.2,66,25.7816,0,-24,5.994,0,92.3,100,922.713,0,0
146.763,846,6.63203,6.65401,3664,27.4,14,14,96,92.4,39.8293,87.9357,62.6,12.8,11.6,100,85.2,66,25.7816,0,24,5.994,0,92.4,100,835.375,0,0
146.782,846,6.62603,6.61937,3660,27.4,14,14,96,92.4,39.8293,87.8801,62.6,12.8,11.6,100,85.2,66,25.7816,0,-24,5.994,0,92.4,100,900.045,0,0
146.803,846,6.62603,6.62603,3664,27.5,14,14,96,92.3,39.8293,87.8801,62.6,12.8,11.6,100,85.2,66,25.7816,0,-6,5.994,0,92.3,100,791.373,0,0
146.823,846,6.62603,6.63802,3674,27.4,14,14,96,92.6,39.8293,87.8801,62.6,12.8,11.6,100,85.3,66,25.7816,0,18,5.994,0,92.6,100,1112.72,0,0
146.844,846,6.61604,6.5954,3678,27.5,14,14,96,92.3,39.8293,87.8246,62.6,12.8,11.6,100,85.1,66,25.7816,0,-30,5.994,0,92.3,100,949.381,0,0
146.863,846,6.61005,6.63203,3677,27.5,14,14,96,92.3,39.8293,87.8246,62.6,12.6,11.6,100,85.1,66,25.7816,0,24,5.994,0,92.3,100,1088.05,0,0
146.884,846,6.62337,6.60139,3677,27.5,14,14,96,92.6,39.8293,87.8246,62.6,12.6,11.6,100,85.2,66,25.7816,0,25,5.994,0,92.6,100,787.373,0,0
146.905,846,6.61604,6.61005,3688,27.5,14,14,96,92.3,39.8293,87.8246,62.6,12.6,11.6,100,85.1,66,25.7816,0,-17,5.994,0,92.3,100,815.374,0,0
146.926,846,6.60739,6.62936,3691,27.5,14,14,96,92.4,39.8293,87.8246,62.6,12.6,11.6,100,85,66,25.7816,0,18,5.994,0,92.4,100,834.708,0,0
146.945,846,6.60739,6.60139,3692,27.6,14,14,96,92.4,39.8293,87.8246,62.6,13.2,11.6,100,85,66,25.7816,0,-19,5.994,0,92.4,100,896.711,0,0
146.966,846,6.60739,6.62936,3693,27.7,14,14,96,92.1,39.8293,87.8246,62.6,13.2,11.6,100,84.9,66,25.7816,0,-31,5.994,0,92.1,100,954.048,0,0
146.985,846,6.58541,6.60739,3707,27.6,14,14,96,92.4,39.7183,87.8246,62.6,13.2,11.6,100,85,66,25.7816,0,17,5.994,0,92.4,100,1112.06,0,0
147.006,846,6.58541,6.57941,3707,27.6,14,14,96,92.3,39.7183,87.8246,62.6,13.2,11.6,100,85,66,25.7816,19.7,-25,5.994,0,92.3,100,819.374,0,0
147.025,846,6.60139,6.62337,3706,27.7,14,14,96,92.2,39.7183,87.8246,62.6,13.5,11.6,100,85,66,25.7816,0,30,5.994,0,92.2,100,830.708,0,0
147.045,846,6.61005,6.57941,3711,27.7,14,14,96,92.4,39.7183,87.8246,62.6,13.5,11.5,100,85.1,66,25.7816,0,25,5.994,0,92.4,100,782.706,0,0
147.065,846,6.60406,6.58807,3716,27.8,14,14,96,92,39.6072,87.8246,62.6,13.5,11.5,100,85,66,25.7816,0,-24,5.994,0,92,100,810.707,0,0
147.084,846,6.60406,6.62603,3722,27.7,14,14,96,92.4,39.6072,87.8246,62.6,13.6,11.6,100,85.2,66,25.7816,0,25,5.994,0,92.4,100,866.71,0,0
147.105,846,6.60406,6.60406,3725,27.7,14,14,96,92.2,39.6072,87.8246,62.6,13.6,11.6,100,85.2,66,25.7816,0,-18,5.994,0,92.2,100,836.042,0,0
147.125,846,6.5974,6.62603,3725,27.8,14,14,96,92,39.5516,87.8246,62.6,13.6,11.6,100,85.1,66,25.7816,0,18,5.994,0,92,100,750.038,0,0
147.145,846,6.61338,6.58208,3725,27.7,14,14,96,92.4,39.5516,87.8801,62.6,13.6,11.6,100,85.3,66,25.7816,0,31,5.994,0,92.4,100,818.041,0,0
147.165,846,6.61338,6.5974,3735,27.8,14,14,96,92,39.5516,87.8801,62.7,13.5,11.6,100,85.1,66,25.7816,0,-24,5.994,0,92,100,849.376,0,0
147.184,846,6.61338,6.61937,3738,27.9,14,14,96,92.1,39.5516,87.8801,62.7,13.5,11.6,100,85.3,66,25.7816,0,19,5.994,0,92.1,100,820.041,0,0
147.205,846,6.60605,6.60006,3747,27.9,14,14,96,92,39.5516,87.8801,62.7,13.5,11.7,100,85.3,66,25.7816,0,-24,5.994,0,92,100,873.377,0,0
147.223,846,6.61604,6.63736,3747,28,14,14,96,91.9,39.5516,87.9357,62.7,13.5,11.7,100,85.3,66,25.7816,0,-24,5.994,0,91.9,100,810.041,0,0
147.244,846,6.61604,6.63736,3756,27.9,14,14,96,92.3,39.5516,87.9357,62.7,13.3,11.7,100,85.5,66,25.7816,-9.7,25,5.994,0,92.3,100,1017.38,0,0
147.263,846,6.59407,6.59407,3755,28,14,14,96,91.9,39.5516,87.9357,62.6,13.3,11.7,100,85.4,66,25.7816,-10.1,-30,5.994,0,91.9,100,856.71,0,0
147.284,846,6.60006,6.63736,3749,28,14,14,96,91.9,39.5516,87.9357,62.6,13.3,11.7,100,85.3,66,25.7816,0,24,5.994,0,91.9,100,1041.39,0,0
147.305,846,6.61604,6.60006,3755,27.9,14,14,96,92.1,39.5516,87.9357,62.7,13.1,11.7,100,85.5,66,25.7816,9.3,13,5.994,0,92.1,100,817.374,0,0
147.325,846,6.60938,6.60339,3766,28.1,14,14,96,91.8,39.5516,87.9357,62.7,13.1,11.7,100,85.4,66,25.7816,0,-18,5.994,0,91.8,100,826.041,0,0
147.344,846,6.62537,6.64002,3775,28.1,14,14,96,91.9,39.6627,87.9357,62.7,13.1,11.7,100,85.6,66,25.7816,0,18,5.994,0,91.9,100,778.706,0,0
147.363,846,6.63403,6.61205,3773,28,14,14,96,92,39.6627,87.8801,62.7,13.1,11.7,100,85.6,66,25.7816,0,-19,5.994,0,92,100,858.71,0,0
147.384,846,6.61205,6.656,3776,28.2,14,14,96,91.6,39.6627,87.8801,62.7,13.3,11.7,100,85.4,66,25.7816,0,-44,5.994,0,91.6,100,860.043,0,0
147.404,846,6.62737,6.64002,3782,28.1,14,14,96,92.1,39.6627,87.8801,62.7,13.3,11.7,100,85.7,66,25.7816,0,30,5.994,0,92.1,100,820.708,0,0
147.425,846,6.62737,6.62137,3783,28.1,14,14,96,91.9,39.6072,87.8801,62.7,13.3,11.6,100,85.7,66,25.7816,0,-19,5.994,0,91.9,100,815.374,0,0
147.446,846,6.61405,6.64934,3789,28.2,14,14,96,91.7,39.6072,87.8246,62.7,13.3,11.6,100,85.6,66,25.7816,0,-24,5.994,0,91.7,100,759.371,0,0
147.467,847,6.63602,6.658,3794,28.2,14,14,96,92.1,39.6072,87.8246,62.7,13.4,11.6,100,85.9,66,25.7816,0,25,5.994,0,92.1,100,988.049,0,0
147.486,847,6.63602,6.62137,3799,28.2,14,14,96,91.8,39.6072,87.8246,62.7,13.4,11.6,100,85.8,66,25.7816,0,-18,5.994,0,91.8,100,786.706,0,0
147.507,847,6.60805,6.63602,3798,28.3,14,14,96,91.6,39.5516,88.0468,62.7,13.4,11.6,100,85.7,66,25.7816,0,6,5.994,0,91.6,100,894.045,0,0
147.526,847,6.63003,6.60805,3803,28.2,14,14,96,91.9,39.5516,88.0468,62.7,13.2,11.6,100,85.9,66,25.7816,0,18,5.994,0,91.9,100,822.708,0,0
147.546,847,6.60805,6.60805,3809,28.3,14,14,96,91.6,39.5516,88.0468,62.8,13.2,11.6,100,85.7,66,25.7816,9.8,-19,5.994,0,91.6,100,845.376,0,0
147.567,847,6.63935,6.64535,3815,28.4,14,14,96,91.6,39.6072,88.0468,62.7,13.2,11.6,100,85.8,66,25.7816,0,19,5.994,0,91.6,100,849.376,0,0
147.586,847,6.63935,6.60206,3816,28.3,14,14,96,91.9,39.6072,87.9357,62.7,13.2,11.6,100,86,66,25.7816,0,25,5.994,0,91.9,100,793.373,0,0
147.607,847,6.61738,6.61738,3819,28.4,14,14,96,91.6,39.6072,87.9357,62.7,13.4,11.6,100,85.8,66,25.7816,0,-19,5.994,0,91.6,100,832.708,0,0
147.626,847,6.63336,6.65534,3830,28.5,14,14,96,91.5,39.6072,87.9357,62.7,13.4,11.6,100,85.8,66,25.7816,0,19,5.994,0,91.5,100,1018.05,0,0
147.647,847,6.62603,6.61138,3828,28.4,14,14,96,91.6,39.4961,87.9357,62.6,13.4,11.6,100,85.9,66,25.7816,9.8,-25,5.994,0,91.6,100,848.709,0,0
147.667,847,6.62603,6.64801,3828,28.5,14,14,96,91.5,39.4961,87.9357,62.6,13.4,11.6,100,85.8,66,25.7816,0,-19,5.994,0,91.5,100,866.043,0,0
147.688,847,6.62603,6.65534,3831,28.4,14,14,96,91.9,39.4961,87.9357,62.6,13.3,11.6,100,86.1,66,25.7816,0,24,5.994,0,91.9,100,840.042,0,0
147.707,847,6.63536,6.5954,3835,28.4,14,14,96,91.6,39.4961,87.9357,62.6,13.3,11.6,100,86,66,25.7816,0,-32,5.994,0,91.6,100,828.041,0,0
147.726,847,6.63536,6.64801,3833,28.4,14,14,96,91.5,39.4405,87.8801,62.6,13.3,11.6,100,86,66,25.7816,0,-19,5.994,0,91.5,100,789.373,0,0
147.747,847,6.63536,6.62004,3842,28.5,14,14,96,91.8,39.4405,87.8801,62.6,13.1,11.6,100,86.2,66,25.7816,0,18,5.994,0,91.8,100,851.376,0,0
147.768,847,6.62936,6.61338,3846,28.5,14,14,96,91.6,39.4405,87.8801,62.6,13.1,11.6,100,86.1,66,25.7816,0,-26,5.994,0,91.6,100,977.382,0,0
147.787,847,6.62936,6.66599,3854,28.6,14,14,96,91.5,39.4405,87.8801,62.6,13.1,11.6,100,86.1,66,25.7816,0,25,5.994,0,91.5,100,922.713,0,0
147.807,847,6.62936,6.62204,3860,28.6,14,14,96,91.8,39.4405,87.9357,62.6,13.1,11.6,100,86.4,66,25.7816,0,24,5.994,0,91.8,100,970.715,0,0
147.826,847,6.63802,6.62204,3868,28.7,14,14,96,91.4,39.4405,87.9357,62.6,13.3,11.6,100,86.1,66,25.7816,0,-26,5.994,0,91.4,100,904.712,0,0
147.845,847,6.65334,6.66932,3874,28.7,14,14,96,91.4,39.4405,87.9357,62.6,13.3,11.6,100,86.2,66,25.7816,0,19,5.994,0,91.4,100,911.379,0,0
147.866,847,6.63802,6.61604,3869,28.7,14,14,96,91.5,39.385,87.9357,62.6,13.3,11.6,100,86.2,66,25.7816,0,-24,5.994,0,91.5,100,1046.72,0,0
147.887,847,6.63136,6.61604,3871,28.7,14,14,96,91.3,39.385,87.9357,62.6,13.3,11.6,100,86,66,25.7816,0,-19,5.994,0,91.3,100,815.374,0,0
147.907,847,6.64735,6.65334,3878,28.8,14,14,96,91.2,39.385,87.9357,62.7,13.2,11.6,100,86,66,25.7816,9.7,18,5.994,0,91.2,100,1015.38,0,0
147.928,847,6.64735,6.60938,3879,28.7,14,14,96,91.5,39.385,87.9357,62.7,13.2,11.6,100,86.3,66,25.7816,0,-26,5.994,0,91.5,100,1045.39,0,0
147.947,847,6.64002,6.662,3884,28.7,14,14,96,91.4,39.3294,87.8801,62.7,13.2,11.6,100,86.3,66,25.7816,0,-12,5.994,0,91.4,100,838.709,0,0
147.966,847,6.656,6.662,3891,28.7,14,14,96,91.6,39.3294,87.8801,62.7,13.3,11.6,100,86.5,66,25.7816,0,13,5.994,0,91.6,100,860.71,0,0
147.985,847,6.60938,6.60938,3892,28.8,14,14,96,91.5,39.3294,87.8801,62.7,13.3,11.6,100,86.4,66,25.7816,0,-26,5.994,0,91.5,100,856.71,0,0
148.004,847,6.61804,6.662,3889,28.8,14,14,96,91.2,39.3294,87.8801,62.7,13.3,11.6,100,86.2,66,25.7816,0,25,5.994,0,91.2,100,910.046,0,0
148.023,847,6.64934,6.60938,3895,28.8,14,14,96,91.7,39.3294,87.8246,62.7,13.3,11.6,100,86.7,66,25.7816,0,32,5.994,0,91.7,100,852.043,0,0
148.042,847,6.64934,6.62537,3901,28.8,14,14,96,91.3,39.3294,87.8246,62.7,12.9,11.6,100,86.2,66,25.7816,0,-26,5.994,0,91.3,100,1043.39,0,0
148.061,847,6.64934,6.656,3907,28.8,14,14,96,91.3,39.3294,87.8246,62.7,12.9,11.6,100,86.4,66,25.7816,0,13,5.994,0,91.3,100,871.377,0,0
148.08,847,6.64934,6.61804,3909,28.9,14,14,96,91.4,39.2738,87.8246,62.7,12.9,11.6,100,86.5,66,25.7816,0,-18,5.994,0,91.4,100,1034.72,0,0
148.099,847,6.658,6.68131,3912,28.9,14,14,96,91.3,39.2738,87.8246,62.7,12.9,11.6,100,86.4,66,25.7816,0,-19,5.994,0,91.3,100,978.716,0,0
148.118,847,6.64335,6.66533,3918,28.9,14,14,96,91.5,39.2738,87.8246,62.7,13,11.6,100,86.6,66,25.7816,0,13,5.994,0,91.5,100,1086.72,0,0
148.137,847,6.63602,6.63602,3920,28.9,14,14,96,91.4,39.2738,87.8246,62.7,13,11.6,100,86.6,66,25.7816,0,-19,5.994,0,91.4,100,998.717,0,0
148.156,847,6.658,6.68997,3920,28.9,14,14,96,91.4,39.2738,87.8246,62.7,13,11.6,100,86.6,66,25.7816,0,26,5.994,0,91.4,100,852.709,0,0
148.175,847,6.64335,6.61538,3925,28.9,14,14,96,91.5,39.2738,87.6579,62.7,13,11.6,100,86.7,66,25.7816,0,24,5.994,0,91.5,100,1008.72,0,0
148.195,847,6.63602,6.63602,3937,29,14,14,96,91.2,39.2738,87.6579,62.7,13.3,11.6,100,86.5,66,25.7816,0,-20,5.994,0,91.2,100,852.709,0,0
148.214,847,6.66799,6.69929,3939,29.1,14,14,96,91.2,39.2738,87.6579,62.7,13.3,11.6,100,86.5,66,25.7816,0,24,5.994,0,91.2,100,856.71,0,0
148.233,847,6.67732,6.63602,3942,29.1,14,14,96,91.4,39.2183,87.6579,62.7,13.3,11.6,100,86.8,66,25.7816,0,-26,5.994,0,91.4,100,1045.39,0,0
148.252,847,6.64535,6.69929,3941,29.1,14,14,96,91,39.2183,87.8246,62.8,13.3,11.6,100,86.3,66,25.7816,0,-39,5.994,0,91,100,900.712,0,0
148.271,847,6.62404,6.67732,3948,29.1,14,14,96,91.4,39.2183,87.8246,62.7,13.1,11.6,100,86.8,66,25.7816,0,26,5.994,0,91.4,100,1050.72,0,0
148.29,847,6.66133,6.62404,3948,29.1,14,14,96,91.3,39.2183,87.8246,62.7,13.1,11.6,100,86.7,66,25.7816,0,-19,5.994,0,91.3,100,904.045,0,0
148.311,847,6.61738,6.67732,3957,29.1,14,14,96,91,39.2183,87.8246,62.7,13.1,11.6,100,86.4,66,25.7816,0,19,5.994,0,91,100,917.379,0,0
148.33,847,6.62404,6.66999,3956,29.1,14,14,96,91.3,39.2183,87.8246,62.7,13.1,11.6,100,86.8,66,25.7816,0,19,5.994,0,91.3,100,846.709,0,0
148.351,847,6.63336,6.61738,3961,29.2,14,14,96,91.1,39.2183,87.8246,62.7,13.2,11.6,100,86.6,66,25.7816,0,-19,5.994,0,91.1,100,818.708,0,0
148.37,847,6.66999,6.67732,3961,29.2,14,14,96,91.3,39.2183,87.8246,62.7,13.2,11.7,100,86.9,66,25.7816,0,26,5.994,0,91.3,100,905.379,0,0
148.389,847,6.664,6.63336,3962,29.1,14,14,96,91.5,39.1628,87.8246,62.7,13.2,11.7,100,87.1,66,25.7816,0,26,5.994,0,91.5,100,898.045,0,0
148.409,847,6.664,6.61138,3973,29.3,14,14,96,90.9,39.1628,87.8246,62.7,13.4,11.7,100,86.4,66,25.7816,0,-41,5.994,0,90.9,100,948.047,0,0
148.429,847,6.62603,6.66999,3981,29.3,14,14,96,91,39.1628,87.8246,62.7,13.4,11.7,100,86.6,66,25.7816,0,26,5.994,0,91,100,841.375,0,0
148.449,847,6.664,6.61138,3981,29.3,14,14,96,91.4,39.1072,87.8246,62.7,13.4,11.7,100,87.1,66,25.7816,0,32,5.994,0,91.4,100,971.382,0,0
148.47,848,6.65134,6.61138,3985,29.3,14,14,96,90.9,39.1072,87.8246,62.7,13.4,11.7,100,86.5,66,25.7816,-9.3,-34,5.994,0,90.9,100,918.713,0,0
148.49,848,6.65134,6.70396,3981,29.3,14,14,96,91.1,39.1072,87.8246,62.8,13.5,11.7,100,86.8,66,25.7816,0,32,5.994,0,91.1,100,836.708,0,0
148.511,848,6.67332,6.65134,3990,29.3,14,14,96,91.4,39.1072,87.8246,62.8,13.5,11.7,100,87.2,66,25.7816,0,19,5.994,0,91.4,100,903.378,0,0
148.532,848,6.65134,6.63536,3997,29.4,14,14,96,91.1,39.0517,87.8246,62.9,13.5,11.7,100,86.9,66,25.7816,9.6,-27,5.994,0,91.1,100,845.376,0,0
148.551,848,6.64402,6.6973,3997,29.4,14,14,96,91,39.0517,88.0468,62.8,13.5,11.7,100,86.8,66,25.7816,0,19,5.994,0,91,100,822.041,0,0
148.572,848,6.65134,6.62936,4001,29.4,14,14,96,91.1,39.0517,88.0468,62.8,13.1,11.7,100,86.9,66,25.7816,0,13,5.994,0,91.1,100,862.71,0,0
148.593,848,6.64402,6.62936,4005,29.4,14,14,96,90.9,39.0517,88.0468,62.8,13.1,11.7,100,86.7,66,25.7816,0,-13,5.994,0,90.9,100,899.378,0,0
148.612,848,6.63736,6.66,4006,29.4,14,14,96,90.8,38.9961,88.0468,62.8,13.1,11.7,100,86.6,66,25.7816,0,-19,5.994,0,90.8,100,798.707,0,0
148.633,848,6.64402,6.64402,4017,29.4,14,14,96,91,38.9961,88.0468,62.8,12.9,11.7,100,86.9,66,25.7816,0,13,5.994,0,91,100,869.377,0,0
148.654,848,6.62204,6.59806,4019,29.4,14,14,96,90.7,38.9961,88.0468,62.9,12.9,11.7,100,86.5,66,25.7816,0,-19,5.994,0,90.7,100,862.71,0,0
148.675,848,6.63736,6.64402,4017,29.4,14,14,96,90.8,38.9406,88.0468,62.8,12.9,11.7,100,86.7,66,25.7816,0,-13,5.994,0,90.8,100,993.383,0,0
148.694,848,6.63736,6.6913,4027,29.3,14,14,96,90.9,38.9406,88.1579,62.8,12.9,11.7,100,86.9,66,25.7816,0,27,5.994,0,90.9,100,816.708,0,0
148.714,848,6.662,6.62204,4031,29.3,14,14,96,91,38.9406,88.1579,62.8,12.9,11.7,100,87.1,66,25.7816,0,-26,5.994,0,91,100,844.042,0,0
148.733,848,6.63736,6.67798,4030,29.4,14,14,96,90.7,38.9406,88.1579,62.8,12.9,11.7,100,86.6,66,25.7816,0,-27,5.994,0,90.7,100,916.046,0,0
148.754,848,6.64601,6.67798,4041,29.3,14,14,96,91.1,38.9406,88.1579,62.8,12.9,11.7,100,87.2,66,25.7816,0,26,5.994,0,91.1,100,944.047,0,0
148.773,848,6.64601,6.63136,4042,29.4,14,14,96,90.9,38.9406,88.1023,62.8,12.9,11.8,100,87,66,25.7816,0,-20,5.994,0,90.9,100,1064.72,0,0
148.792,848,6.63136,6.662,4039,29.4,14,14,96,90.8,38.9406,88.1023,62.8,12.9,11.8,100,86.8,66,25.7816,0,-13,5.994,0,90.8,100,1010.72,0,0
148.813,848,6.64601,6.69996,4049,29.3,14,14,96,91.2,38.9406,88.1023,62.8,12.9,11.8,100,87.4,66,25.7816,0,27,5.994,0,91.2,100,1040.05,0,0
148.833,848,6.64601,6.61604,4049,29.4,14,14,96,90.9,38.9406,88.0468,62.8,12.9,11.8,100,87,66,25.7816,0,-32,5.994,0,90.9,100,846.709,0,0
148.854,848,6.64002,6.67798,4055,29.4,14,14,96,90.6,38.9406,88.0468,62.8,13.1,11.8,100,86.7,66,25.7816,0,-32,5.994,0,90.6,100,906.045,0,0
148.873,848,6.60938,6.62404,4066,29.4,14,14,96,90.7,38.9406,88.0468,62.8,13.1,11.8,100,86.9,66,25.7816,0,6,5.994,0,90.7,100,822.041,0,0
148.894,848,6.664,6.62404,4062,29.4,14,14,96,90.9,38.9406,88.0468,62.8,13.1,11.8,100,87.2,66,25.7816,0,0,5.994,0,90.9,100,1052.72,0,0
148.915,848,6.65534,6.62404,4065,29.4,14,14,96,90.7,38.885,88.0468,62.8,13.1,11.8,100,86.8,66,25.7816,0,-27,5.994,0,90.7,100,872.044,0,0
148.936,848,6.64934,6.67132,4071,29.4,14,14,96,90.8,38.885,88.0468,62.8,13.4,11.8,100,87.1,66,25.7816,0,20,5.994,0,90.8,100,853.376,0,0
148.956,848,6.664,6.62404,4068,29.3,14,14,96,91.1,38.885,88.0468,62.9,13.4,11.8,100,87.5,66,25.7816,0,26,5.994,0,91.1,100,926.046,0,0
148.975,848,6.664,6.62404,4081,29.3,14,14,96,90.7,38.885,88.0468,62.8,13.4,11.8,100,86.9,66,25.7816,-9.8,-27,5.994,0,90.7,100,862.043,0,0
148.995,848,6.658,6.70529,4080,29.3,14,14,96,90.8,38.885,87.9357,62.9,13.4,11.8,100,87.2,66,25.7816,10.4,27,5.994,0,90.8,100,835.375,0,0
149.015,848,6.658,6.60339,4086,29.3,14,14,96,90.8,38.885,87.9357,62.8,13.5,11.8,100,87.2,66,25.7816,-10,20,5.994,0,90.8,100,843.375,0,0
149.036,848,6.60339,6.60339,4091,29.3,14,14,96,90.6,38.885,87.9357,62.8,13.5,11.8,100,86.9,66,25.7816,0,-19,5.994,0,90.6,100,859.376,0,0
149.055,848,6.61804,6.658,4099,29.3,14,14,96,90.6,38.885,87.8801,62.8,13.5,11.8,100,86.9,66,25.7816,-9.1,20,5.994,0,90.6,100,820.041,0,0
149.075,848,6.64202,6.67332,4104,29.3,14,14,96,90.9,38.885,87.8801,62.8,13.5,11.8,100,87.4,66,25.7816,0,20,5.994,0,90.9,100,841.375,0,0
149.094,848,6.65134,6.58741,4102,29.3,14,14,96,90.6,38.885,87.8801,62.8,13.5,11.8,100,87,66,25.7816,0,-34,5.994,0,90.6,100,1010.72,0,0
149.115,848,6.62737,6.64202,4105,29.3,14,14,96,90.6,38.885,87.8801,62.8,13.5,11.8,100,87,66,25.7816,0,20,5.994,0,90.6,100,905.379,0,0
149.136,848,6.62737,6.65134,4111,29.3,14,14,96,90.7,38.8295,87.8246,62.8,13.5,11.8,100,87.2,66,25.7816,0,21,5.994,0,90.7,100,1052.05,0,0
149.156,848,6.61138,6.61138,4107,29.3,14,14,96,90.5,38.8295,87.8246,62.9,13.3,11.8,100,86.9,66,25.7816,0,-13,5.994,0,90.5,100,830.042,0,0
149.175,848,6.62737,6.62737,4111,29.4,14,14,96,90.4,38.8295,87.8246,62.8,13.3,11.8,100,86.7,66,25.7816,-9.8,-13,5.994,0,90.4,100,840.042,0,0
149.196,848,6.61138,6.63602,4121,29.3,14,14,96,90.6,38.7739,87.8246,62.9,13.3,11.8,100,87.1,66,25.7816,10.4,13,5.994,0,90.6,100,859.376,0,0
149.217,848,6.62004,6.61138,4123,29.3,14,14,96,90.5,38.7739,87.8801,62.9,13.3,11.8,100,87,66,25.7816,0,-6,5.994,0,90.5,100,862.71,0,0
149.236,848,6.62004,6.58741,4130,29.3,14,14,96,90.3,38.7739,87.8801,62.9,13.2,11.8,100,86.6,66,25.7816,0,-20,5.994,0,90.3,100,1069.39,0,0
149.257,848,6.60539,6.64535,4134,29.3,14,14,96,90.5,38.7739,87.8801,62.9,13.2,11.8,100,87,66,25.7816,0,20,5.994,0,90.5,100,915.379,0,0
149.276,848,6.62004,6.59606,4136,29.3,14,14,96,90.5,38.7739,88.5467,62.9,13.2,11.8,100,87,66,25.7816,0,13,5.994,0,90.5,100,909.379,0,0
149.297,848,6.62936,6.59606,4143,29.3,14,14,96,90.3,38.7739,88.5467,62.9,13.2,11.8,100,86.7,66,25.7816,0,-13,5.994,0,90.3,100,934.713,0,0
149.316,848,6.60539,6.62936,4142,29.3,14,14,96,90.3,38.7739,88.5467,62.9,13,11.8,100,86.8,66,25.7816,0,13,5.994,0,90.3,100,1086.05,0,0
149.337,848,6.60539,6.56543,4145,29.3,14,14,96,90.5,38.7739,88.5467,62.9,13,12,100,87.1,66,25.7816,9.4,27,5.994,0,90.5,100,878.044,0,0
149.356,848,6.62936,6.59606,4149,29.3,14,14,96,90.4,38.7183,88.269,62.9,13,12,100,86.9,66,25.7816,0,-13,5.994,0,90.4,100,960.048,0,0
149.377,848,6.60539,6.62936,4151,29.3,14,14,96,90.3,38.7183,88.269,62.9,13.2,12,100,86.8,66,25.7816,0,13,5.994,0,90.3,100,819.374,0,0
149.398,848,6.60539,6.62936,4156,29.3,14,14,96,90.5,38.7183,88.269,62.9,13.2,12,100,87.1,66,25.7816,0,21,5.994,0,90.5,100,926.046,0,0
149.419,848,6.60539,6.56543,4161,29.3,14,14,96,90.3,38.7183,88.269,62.8,13.2,12,100,86.8,66,25.7816,0,-27,5.994,0,90.3,100,966.048,0,0
149.439,848,6.56543,6.56543,4169,29.3,14,14,96,90.1,38.7183,88.1579,62.9,13.2,12,100,86.5,66,25.7816,9.7,-14,5.994,0,90.1,100,858.043,0,0
149.46,849,6.60539,6.62337,4172,29.3,14,14,96,90.3,38.7183,88.1579,62.8,13.2,12,100,86.9,66,25.7816,0,20,5.994,0,90.3,100,866.043,0,0
149.479,849,6.59007,6.56543,4172,29.3,14,14,96,90.4,38.7183,88.1579,62.8,13.2,12,100,87.1,66,25.7816,0,20,5.994,0,90.4,100,949.381,0,0
149.498,849,6.60539,6.55943,4177,29.3,14,14,96,90.3,38.6073,88.1579,62.8,13.2,12,100,86.9,66,25.7816,0,-28,5.994,0,90.3,100,830.708,0,0
149.519,849,6.59806,6.62337,4177,29.3,14,14,96,90.2,38.6073,88.1023,62.9,13.2,12,100,86.8,66,25.7816,9,27,5.994,0,90.2,100,1060.05,0,0
149.539,849,6.63802,6.63802,4187,29.2,14,14,96,90.5,38.6073,88.1023,62.9,12.9,12,100,87.3,66,25.7816,0,21,5.994,0,90.5,100,890.044,0,0
149.56,849,6.59806,6.55943,4184,29.3,14,14,96,90.2,38.6073,88.1023,62.8,12.9,12,100,86.8,66,25.7816,0,-33,5.994,0,90.2,100,856.71,0,0
149.579,849,6.61405,6.63203,4188,29.3,14,14,96,90.1,38.5517,87.9357,62.8,12.9,12,100,86.6,66,25.7816,0,-20,5.994,0,90.1,100,917.379,0,0
149.6,849,6.59806,6.59806,4200,29.3,14,14,96,90.1,38.5517,87.9357,62.8,13.1,12,100,86.8,66,25.7816,0,7,5.994,0,90.2,100,827.375,0,0
149.621,849,6.55943,6.57009,4199,29.3,14,14,96,90,38.5517,87.9357,62.8,13.1,12,100,86.5,66,25.7816,0,-20,5.994,0,90,100,829.375,0,0
149.642,849,6.55943,6.57542,4204,29.3,14,14,96,89.7,38.4962,87.9357,62.8,13.1,12,100,87,66,25.7816,0,-21,5.994,0,89.7,100,930.047,0,0
149.662,849,6.58341,6.59806,4200,29.3,14,14,96,90.1,38.4962,87.9357,62.9,13.1,12,100,86.7,66,25.7816,10.2,34,5.994,0,90.1,100,887.378,0,0
149.683,849,6.58341,6.59806,4209,29.3,14,14,96,90.2,38.4962,87.9357,62.9,12.9,12,100,86.9,66,25.7816,0,20,5.994,0,90.2,100,870.044,0,0
149.704,849,6.59207,6.57009,4213,29.3,14,14,96,90.1,38.4962,87.9357,62.7,12.9,12,100,86.8,66,25.7816,-10,-21,5.994,0,90.1,100,861.376,0,0
149.724,849,6.56809,6.58408,4220,29.3,14,14,96,89.7,38.4406,87.9357,62.8,12.9,12,100,87.1,66,25.7816,9.3,-28,5.994,0,89.7,100,827.375,0,0
149.745,849,6.56809,6.56809,4228,29.2,14,14,96,90,38.4406,87.8801,62.8,12.9,12.1,100,86.6,66,25.7816,0,20,5.994,0,90,100,923.38,0,0
149.765,849,6.57941,6.58408,4230,29.2,14,14,96,90.1,38.4406,87.8801,62.8,13,12.1,100,86.9,66,25.7816,0,27,5.994,0,90.1,100,923.38,0,0
149.785,849,6.57941,6.59207,4230,29.3,14,14,96,89.9,38.4406,87.8801,62.8,13,12.1,100,86.8,66,25.7816,0,-28,5.994,0,89.9,100,1034.72,0,0
149.804,849,6.57742,6.57742,4231,29.2,14,14,96,90,38.4406,87.9357,62.8,13,12.1,100,86.7,66,25.7816,0,21,5.994,0,90,100,814.707,0,0
149.825,849,6.58141,6.57941,4237,29.3,14,14,96,89.9,38.4406,87.9357,62.8,13,12.1,100,86.8,66,25.7816,0,21,5.994,0,89.9,100,883.378,0,0
149.845,849,6.58141,6.5974,4237,29.3,14,14,96,89.8,38.4406,87.9357,62.9,13,12.1,100,87,66,25.7816,10.2,-28,5.994,0,89.8,100,840.042,0,0
149.866,849,6.59007,6.60605,4241,29.3,14,14,96,89.5,38.4406,87.9357,63,13,12.1,100,87.6,66,25.7816,9.8,-28,5.994,0,89.5,100,860.71,0,0
149.885,849,6.59007,6.57941,4249,29.3,14,14,96,89.8,38.4406,87.8801,62.9,13,12.1,100,87.1,66,25.7816,0,28,5.994,0,89.8,100,922.713,0,0
149.904,849,6.58541,6.5954,4250,29.2,14,14,96,90,38.4406,87.8801,62.8,13,12.1,100,86.8,66,25.7816,0,28,5.994,0,90,100,862.71,0,0
149.925,849,6.59007,6.60605,4256,29.3,14,14,96,89.5,38.4406,87.8801,62.8,13,12.1,100,87.6,66,25.7816,0,-35,5.994,0,89.5,100,955.381,0,0
149.946,849,6.60406,6.59207,4253,29.3,14,14,96,89.6,38.3295,87.8801,62.7,13,12.1,100,87.5,66,25.7816,0,13,5.994,0,89.6,100,1061.39,0,0
149.965,849,6.59207,6.59207,4266,29.3,14,14,96,89.7,38.3295,87.9357,62.7,13,12.1,100,87.3,66,25.7816,-9.1,21,5.994,0,89.7,100,1075.39,0,0
149.986,849,6.59207,6.60805,4266,29.3,14,14,96,89.7,38.3295,87.9357,62.8,12.9,12.2,100,87.3,66,25.7816,0,-21,5.994,0,89.7,100,838.709,0,0
150.007,849,6.60406,6.60805,4267,29.3,14,14,96,89.4,38.3295,87.9357,62.8,12.9,12.2,100,87.8,66,25.7816,0,-21,5.994,0,89.4,100,887.378,0,0
150.026,849,6.60406,6.60139,4277,29.3,14,14,96,89.6,38.3851,87.8801,62.8,12.9,12.2,100,87.5,66,25.7816,0,21,5.994,0,89.6,100,882.044,0,0
150.047,849,6.60406,6.61937,4277,29.3,14,14,96,89.6,38.3851,87.8801,62.8,13.1,12.2,100,87.5,66,25.7816,0,20,5.994,0,89.6,100,834.708,0,0
150.067,849,6.61738,6.62204,4284,29.2,14,14,96,89.8,38.3851,87.8801,62.9,13.1,12.2,100,87.2,66,25.7816,10.4,-28,5.994,0,89.8,100,1018.72,0,0
150.087,849,6.61338,6.60139,4282,29.3,14,14,96,89.3,38.3851,87.8801,62.9,13.1,12.2,100,88.1,66,25.7816,10,-29,5.994,0,89.3,100,875.377,0,0
150.108,849,6.60139,6.60139,4289,29.2,14,14,96,89.7,38.3851,88.0468,62.9,13.1,12.2,100,87.4,66,25.7816,9.3,28,5.994,0,89.7,100,957.381,0,0
150.129,849,6.61338,6.61738,4293,29.3,14,14,96,89.6,38.3851,88.0468,62.8,13.3,12.2,100,87.6,66,25.7816,0,-21,5.994,0,89.6,100,910.046,0,0
150.149,849,6.61538,6.61937,4300,29.3,14,14,96,89.3,38.3851,88.0468,62.7,13.3,12.2,100,88.1,66,25.7816,-9,-14,5.994,0,89.3,100,924.046,0,0
150.169,849,6.62603,6.61338,4299,29.3,14,14,96,89.4,38.3851,87.9357,62.8,13.3,12.2,100,88,66,25.7816,9.8,21,5.994,0,89.4,100,1076.05,0,0
150.19,849,6.62404,6.62803,4309,29.3,14,14,96,89.3,38.3851,87.9357,62.8,13.3,12.2,100,88.2,66,25.7816,0,21,5.994,0,89.3,100,862.043,0,0
150.211,849,6.61338,6.61937,4305,29.3,14,14,96,89.6,38.3851,87.9357,62.8,13.3,12.2,100,87.7,66,25.7816,0,0,5.994,0,89.6,100,880.711,0,0
150.23,849,6.62803,6.63003,4308,29.3,14,14,96,89.2,38.3851,87.9357,62.8,13.3,12.2,100,88.3,66,25.7816,0,-21,5.994,0,89.2,100,863.377,0,0
150.25,849,6.63736,6.62404,4317,29.3,14,14,96,89.3,38.3295,87.9357,62.8,13.3,12.2,100,88.3,66,25.7816,-9,21,5.994,0,89.3,100,886.711,0,0
150.271,849,6.63736,6.64402,4318,29.3,14,14,96,89.2,38.3295,87.9357,62.7,13.4,12.2,100,88.5,66,25.7816,-20,14,5.994,0,89.2,100,923.38,0,0
150.291,849,6.64601,6.65001,4326,29.3,14,14,96,89.3,38.3295,87.9357,62.6,13.4,12.2,100,88.4,66,25.7816,-9.1,-7,5.994,0,89.3,100,936.714,0,0
150.312,849,6.64801,6.64601,4328,29.3,14,14,96,88.9,38.3295,87.9357,62.6,13.4,12.2,100,89.1,66,25.7816,0,-28,5.994,0,88.9,100,1008.05,0,0
150.333,849,6.64801,6.64601,4331,29.3,14,14,96,89.2,38.3295,87.9357,62.7,13.4,12.2,100,88.6,66,25.7816,0,28,5.994,0,89.2,100,1038.72,0,0
150.354,849,6.64601,6.65001,4330,29.3,14,14,96,89.2,38.3295,87.9357,62.7,13.1,12.2,100,88.6,66,25.7816,0,7,5.994,0,89.2,100,950.047,0,0
150.375,849,6.65734,6.65933,4339,29.3,14,14,96,89.3,38.3295,87.9357,62.7,13.1,12.2,100,88.6,66,25.7816,-9,-7,5.994,0,89.3,100,956.714,0,0
150.395,849,6.66599,6.65534,4339,29.3,14,14,96,89.2,38.3295,87.7135,62.8,13.1,12.2,100,88.7,66,25.7816,0,-7,5.994,0,89.2,100,918.713,0,0
150.415,849,6.66333,6.66599,4354,29.3,14,14,96,89.2,38.3295,87.7135,62.8,13.1,12.2,100,88.9,66,25.7816,0,0,5.994,0,89.2,100,928.713,0,0
150.436,849,6.66799,6.67199,4352,29.3,14,14,96,89.1,38.3295,87.7135,62.9,13.1,12.2,100,89,66,25.7816,10.2,14,5.994,0,89.1,100,1058.05,0,0
150.456,850,6.66599,6.67199,4352,29.3,14,14,96,89.1,38.2184,87.7135,62.8,13.1,12.2,100,89,66,25.7816,0,-14,5.994,0,89.1,100,1072.72,0,0
150.475,850,6.67931,6.66999,4351,29.4,14,14,96,88.8,38.2184,87.7135,62.8,13.1,12.2,100,89.4,66,25.7816,9.7,-15,5.994,0,88.8,100,1047.39,0,0
150.493,850,6.66799,6.66799,4362,29.3,14,14,96,89.1,38.2184,87.7135,62.8,13.1,12.2,100,89,66,25.7816,9.8,21,5.994,0,89.1,100,1113.39,0,0
150.512,850,6.67931,6.67798,4367,29.3,14,14,96,89,38.2184,87.7135,62.7,13.1,12.2,100,89.3,66,25.7816,-9,-28,5.994,0,89,100,880.044,0,0
150.533,850,6.67931,6.67931,4373,29.4,14,14,96,88.7,38.1628,87.7135,62.8,13.1,12.2,100,89.8,66,25.7816,0,-21,5.994,0,88.7,100,1028.05,0,0
150.554,850,6.67931,6.67931,4374,29.3,14,14,96,89,38.1628,87.8246,62.8,13.1,12.2,100,89.4,66,25.7816,-9.6,22,5.994,0,89,100,946.047,0,0
150.575,850,6.69796,6.68731,4375,29.3,14,14,96,88.8,38.1628,87.8246,62.7,13.3,12.2,100,89.7,66,25.7816,-19.5,7,5.994,0,88.8,100,911.379,0,0
150.595,850,6.69197,6.69796,4383,29.3,14,14,96,88.8,38.1628,87.8246,62.8,13.3,12.2,100,89.8,66,25.7816,10.2,-15,5.994,0,88.8,100,877.377,0,0
150.616,850,6.69596,6.69197,4379,29.4,14,14,96,88.6,38.1628,87.8801,62.7,13.3,12.2,100,90,66,25.7816,-9.7,-14,5.994,0,88.6,100,959.381,0,0
150.637,850,6.69996,6.69596,4387,29.3,14,14,96,88.8,38.1628,87.8801,62.8,12.9,12.2,100,89.8,66,25.7816,10,28,5.994,0,88.8,100,895.378,0,0
150.658,850,6.69596,6.70529,4390,29.3,14,14,96,89,38.1628,87.8801,62.8,12.9,12.2,100,89.6,66,25.7816,9.3,28,5.994,0,89,100,896.711,0,0
150.679,850,6.69796,6.70529,4393,29.3,14,14,96,88.9,38.1073,87.8801,62.9,12.9,12.2,100,89.7,66,25.7816,20,-22,5.994,0,88.9,100,908.045,0,0
150.699,850,6.70529,6.70795,4399,29.4,14,14,96,88.5,38.1073,87.8246,62.8,12.9,12.1,100,90.3,66,25.7816,0,-21,5.994,0,88.5,100,1126.06,0,0
150.719,850,6.71594,6.70729,4404,29.3,14,14,96,88.9,38.1073,87.8246,62.8,12.9,12.1,100,89.9,66,25.7816,10,30,5.994,0,88.9,100,892.045,0,0
150.739,850,6.71794,6.70529,4411,29.3,14,14,96,88.7,38.1073,87.8246,62.8,12.9,12.1,100,90.1,66,25.7816,10.1,7,5.994,0,88.7,100,876.711,0,0
150.758,850,6.71328,6.71728,4411,29.3,14,14,96,88.7,38.0518,87.8246,62.8,12.9,12,100,90.2,66,25.7816,9.1,-14,5.994,0,88.7,100,860.71,0,0
150.777,850,6.71528,6.71794,4410,29.4,14,14,96,88.4,38.0518,87.8246,62.7,12.9,12,100,90.6,66,25.7816,-9.6,-28,5.994,0,88.4,100,1052.72,0,0
150.798,850,6.72394,6.71528,4418,29.4,14,14,96,88.5,38.0518,87.8246,62.7,13,12,100,90.5,66,25.7816,-9.7,15,5.994,0,88.5,100,896.045,0,0
150.819,850,6.72194,6.72593,4420,29.3,14,14,96,88.7,38.0518,87.8246,62.7,13,12,100,90.3,66,25.7816,-9.7,22,5.994,0,88.7,100,1037.39,0,0
150.84,850,6.72593,6.72593,4431,29.3,14,14,96,88.7,38.0518,87.8801,62.8,13,12,100,90.4,66,25.7816,0,-15,5.994,0,88.7,100,932.713,0,0
150.861,850,6.73126,6.73126,4428,29.4,14,14,96,88.3,38.0518,87.8801,62.8,13.1,12,100,90.8,66,25.7816,-9.6,-28,5.994,0,88.3,100,938.047,0,0
150.882,850,6.73526,6.72394,4437,29.3,14,14,96,88.5,38.0518,87.8801,62.7,13.1,12,100,90.7,66,25.7816,-19.5,22,5.994,0,88.5,100,870.71,0,0
150.902,850,6.72394,6.72394,4438,29.3,14,14,96,88.6,37.9962,87.8801,62.8,13.1,12,100,90.5,66,25.7816,0,15,5.994,0,88.6,100,900.045,0,0
150.921,850,6.73126,6.72593,4438,29.3,14,14,96,88.7,37.9962,87.8246,62.8,13.1,12,100,90.4,66,25.7816,0,-7,5.994,0,88.7,100,886.044,0,0
150.942,850,6.73326,6.73126,4441,29.3,14,14,96,88.5,37.9962,87.8246,62.8,13.1,12,100,90.7,66,25.7816,0,-14,5.994,0,88.5,100,946.714,0,0
150.963,850,6.74192,6.73126,4450,29.3,14,14,96,88.6,37.9962,87.8246,62.7,13.1,12,100,90.7,66,25.7816,0,15,5.994,0,88.6,100,909.379,0,0
150.983,850,6.74192,6.74192,4455,29.3,14,14,96,88.6,37.9407,87.8246,62.7,13.1,12,100,90.7,66,25.7816,0,22,5.994,0,88.6,100,884.044,0,0
151.003,850,6.74192,6.74325,4458,29.3,14,14,96,88.6,37.9407,87.8246,62.7,13.1,12,100,90.7,66,25.7816,0,-15,5.994,0,88.6,100,908.712,0,0
151.023,850,6.74325,6.75191,4460,29.4,14,14,96,88.4,37.9407,87.8246,62.6,13.2,12,100,91,66,25.7816,0,-14,5.994,0,88.4,100,906.712,0,0
151.043,850,6.75191,6.74325,4458,29.4,14,14,96,88.4,37.9407,87.8246,62.7,13.2,12,100,91,66,25.7816,9.6,7,5.994,0,88.4,100,872.044,0,0
151.062,850,6.75191,6.75191,4467,29.3,14,14,96,88.5,37.8851,87.8246,62.9,13.2,12,100,91,66,25.7816,19.2,22,5.994,0,88.5,100,901.378,0,0
151.082,850,6.76123,6.76323,4475,29.3,14,14,96,88.4,37.8851,87.8246,62.8,13.2,12,100,91.1,66,25.7816,9.7,-15,5.994,0,88.4,100,944.714,0,0
151.101,850,6.76323,6.76123,4474,29.4,14,14,96,88.1,37.8851,87.8246,62.8,13.2,12,100,91.5,66,25.7816,10.5,-22,5.994,0,88.1,100,958.715,0,0
151.122,850,6.76123,6.76123,4482,29.3,14,14,96,88.4,37.8851,87.8246,62.7,13.2,12,100,91.2,66,25.7816,-9.6,30,5.994,0,88.4,100,1079.39,0,0
151.143,850,6.76123,6.76523,4477,29.3,14,14,96,88.7,37.8851,87.8246,62.7,13.2,12,100,90.8,66,25.7816,0,37,5.994,0,88.7,100,960.048,0,0
151.166,850,6.76323,6.76723,4482,29.3,14,14,96,88.3,37.8851,87.8246,62.6,13.2,12,100,91.3,66,25.7816,-9.6,-44,5.994,0,88.3,100,938.714,0,0
151.187,850,6.77522,6.77522,4492,29.4,14,14,96,88.1,37.8851,87.8246,62.7,13.2,12,100,91.6,66,25.7816,0,-14,5.994,0,88.1,100,976.049,0,0
151.206,850,6.77189,6.77189,4492,29.3,14,14,96,88.1,37.8851,87.8246,62.6,13.2,12,100,91.6,66,25.7816,-9.6,-15,5.994,0,88.1,100,876.711,0,0
151.227,850,6.76989,6.76989,4502,29.3,14,14,96,88.5,37.8851,87.8246,62.5,13.3,12,100,91.2,66,25.7816,-9.6,29,5.994,0,88.5,100,1083.39,0,0
151.247,850,6.78188,6.77522,4496,29.3,14,14,96,88.3,37.8851,87.8246,62.5,13.3,12,100,91.4,66,25.7816,-19.2,15,5.994,0,88.3,100,858.71,0,0
151.266,850,6.77522,6.77722,4506,29.4,14,14,96,88.3,37.8851,87.8246,62.6,13.3,12,100,91.8,66,25.7816,0,-22,5.994,0,88,100,895.378,0,0
151.287,850,6.77522,6.77788,4498,29.4,14,14,96,88.1,37.8851,88.0468,62.7,13.3,12,100,91.7,66,25.7816,-9.7,30,5.994,0,88.1,100,940.714,0,0
151.306,850,6.77788,6.77788,4512,29.3,14,14,96,88.2,37.8851,88.0468,62.7,13.3,12,100,91.4,66,25.7816,0,36,5.994,0,88.4,100,911.379,0,0
151.327,850,6.77988,6.78587,4512,29.3,14,14,96,88.3,37.8851,88.0468,62.7,13.3,12,100,91.5,66,25.7816,0,-30,5.994,0,88.3,100,904.045,0,0
151.347,850,6.7952,6.78787,4522,29.4,14,14,96,88.1,37.8296,88.0468,62.7,13.3,12,100,91.9,66,25.7816,9.7,-29,5.994,0,88.1,100,916.046,0,0
151.367,850,6.7932,6.7912,4522,29.4,14,14,96,88,37.8296,87.9357,62.7,13.3,12,100,92,66,25.7816,19.2,-15,5.994,0,88,100,875.377,0,0
151.387,850,6.7912,6.79586,4531,29.4,14,14,96,88.2,37.8296,87.9357,62.7,13.4,12,100,91.9,66,25.7816,9.7,29,5.994,0,88.2,100,917.379,0,0
151.407,850,6.7912,6.7932,4532,29.4,14,14,96,88.2,37.8296,87.9357,62.7,13.4,12,100,91.9,66,25.7816,0,7,5.994,0,88.2,100,866.043,0,0
151.428,850,6.79786,6.7892,4536,29.4,14,14,96,88.1,37.774,87.9357,62.6,13.4,12,100,92,66,25.7816,-9.7,-31,5.994,0,88.1,100,925.38,0,0
151.449,850,6.79786,6.80119,4534,29.4,14,14,96,87.8,37.774,87.9357,62.6,13.5,12,100,92.3,66,25.7816,0,-22,5.994,0,87.8,100,956.714,0,0
151.468,851,6.79586,6.80119,4535,29.4,14,14,96,87.9,37.774,87.9357,62.7,13.5,12,100,92.2,66,25.7816,-9.6,22,5.994,0,87.9,100,916.713,0,0
151.489,851,6.79986,6.79786,4537,29.3,14,14,96,88.3,37.7185,87.9357,62.7,13.5,12,100,91.8,66,25.7816,-9.7,37,5.994,0,88.3,100,978.049,0,0
151.508,851,6.80319,6.79986,4547,29.4,14,14,96,88,37.7185,87.9357,62.7,13.5,12,100,92.2,66,25.7816,0,-47,5.994,0,88,100,891.378,0,0
151.529,851,6.80519,6.80719,4546,29.4,14,14,96,87.8,37.7185,87.9357,62.6,13.4,12,100,92.4,66,25.7816,0,-22,5.994,0,87.8,100,911.379,0,0
151.55,851,6.80719,6.80119,4550,29.4,14,14,96,87.8,37.7185,87.9357,62.8,13.4,12,100,92.4,66,25.7816,18.3,22,5.994,0,87.8,100,908.045,0,0
151.57,851,6.80985,6.80985,4564,29.4,14,14,96,88.1,37.6629,87.8801,62.8,13.4,12,100,92.2,66,25.7816,20,22,5.994,0,88.1,100,976.049,0,0
151.591,851,6.80985,6.79986,4562,29.4,14,14,96,88.1,37.6629,87.8801,62.7,13.3,12,100,92.2,66,25.7816,0,-30,5.994,0,88.1,100,986.049,0,0
151.612,851,6.80719,6.80985,4566,29.4,14,14,96,88,37.6629,87.8801,62.7,13.3,12,100,92.3,66,25.7816,-9.8,-36,5.994,0,88,100,976.049,0,0
151.633,851,6.80785,6.80785,4567,29.5,14,14,96,87.5,37.6629,87.8801,62.7,13.3,12,100,92.8,66,25.7816,0,-52,5.994,0,87.5,100,1066.72,0,0
151.653,851,6.80519,6.81385,4577,29.5,14,14,96,87.4,37.6629,87.8246,62.6,13.3,12,100,92.9,66,25.7816,-9.7,31,5.994,0,87.4,100,871.377,0,0
151.673,851,6.81385,6.82117,4579,29.4,14,14,96,88,37.6629,87.8246,62.5,13.3,12,100,92.4,66,25.7816,-21.1,44,5.994,0,88,100,908.712,0,0
151.693,851,6.82184,6.81185,4578,29.4,14,14,96,87.9,37.6629,87.8246,62.5,13.3,12,100,92.6,66,25.7816,0,-37,5.994,0,87.9,100,888.044,0,0
151.714,851,6.81917,6.81185,4582,29.5,14,14,96,87.5,37.6629,87.8246,62.6,13.3,12,100,92.8,66,25.7816,9.7,-31,5.994,0,87.5,100,901.378,0,0
151.733,851,6.81385,6.82117,4580,29.4,14,14,96,87.9,37.6629,87.8246,62.7,13.3,12,100,92.5,66,25.7816,19.5,37,5.994,0,87.9,100,894.711,0,0
151.754,851,6.82117,6.82783,4593,29.4,14,14,96,88.1,37.6629,87.8246,62.7,13,12,100,92.4,66,25.7816,19.7,36,5.994,0,88.1,100,1148.06,0,0
151.773,851,6.82184,6.81385,4591,29.4,14,14,96,87.9,37.6629,87.8246,62.6,13,12,100,92.6,66,25.7816,-9.7,-56,5.994,0,87.9,100,889.378,0,0
151.793,851,6.81917,6.82184,4601,29.5,14,14,96,87.4,37.6073,87.8246,62.5,13,12,100,93.1,66,25.7816,-9.8,-47,5.994,0,87.4,100,961.381,0,0
