
                                                           RPM

                [500]  [800]  [1000]  [2000]  [3000]  [3500]  [4000]  [4500]  [5000]  [5500]  [6000]  [7000] 
         [100]     12     12      12      22      22      25      28      28      28      28      28      28 
          [95]     12     13      15      22      23      26      29      28      28      28      28      28 
          [85]     16     16      16      22      24      28      30      30      30      30      30      31 
          [80]     18     18      18      25      26      30      30      30      30      31      31      32 
          [70]     28     20      20      26      32      35      35      35      35      35      35      35 
 map(%)   [65]     28     20      20      27      32      35      35      35      35      35      36      37 
          [60]     28     20      20      28      32      35      37      40      39      39      39      38 
          [50]     28     13      12      12      36      40      42      42      42      42      42      42 
          [45]     28     13      12      12      38      42      43      43      43      43      44      45 
          [35]     28     13      12      12      40      43      45      45      45      45      45      45 
          [30]     28     13      12      12      40      43      45      45      45      45      45      45 
          [25]     28     13      13      13      42      45      45      45      45      45      45      45 

