
                                                              RPM

                  [500]  [800]  [1100]  [1400]  [2000]  [2600]  [3100]  [3700]  [4300]  [4900]  [5400]  [6000] 
           [100]     13   12.9    12.9    12.8    12.8    12.7    12.6    12.5    12.5    12.2    12.2    12.2 
            [95]     13   12.9    12.9    12.8    12.8    12.7    12.6    12.5    12.5    12.5    12.3    12.3 
            [85]     13   12.9    12.9    12.8    12.8    12.7    12.6    12.5    12.5    12.5    12.5    12.4 
            [80]     13     13    13.1      13      13    12.9      13    12.5    12.5    12.5    12.5    12.5 
            [75]   13.2   13.2    13.5    13.3    13.3    13.2      13    12.6    12.5    12.5    12.5    12.5 
 map(Kpa)   [70]   13.4   13.4    13.9    13.7    13.6    13.6    13.1    12.7    12.6    12.6    12.6    12.6 
            [60]   13.5   13.8    14.5    14.3    14.1    14.1    13.5    12.8    12.7    12.6    12.6    12.6 
            [55]   13.6   14.1      15    14.9    14.7    14.7      14    12.9    12.8    12.7    12.6    12.6 
            [50]   13.5     14    15.2    15.2      15    14.7      14      13    12.9    12.8    12.7    12.6 
            [45]   13.4   13.9    15.5    15.5    15.4    14.9    14.1      13    12.9    12.8    12.7    12.7 
            [35]   13.2   13.7    15.7    15.7    15.5    14.9    14.2    13.2      13    12.9    12.8    12.7 
            [30]     13   13.5      16      16      16    14.9    14.3    13.2    13.1    13.2    13.1      13 

