
                                                                        RPM

                       [500]  [800]  [1100]  [1400]  [2000]  [2600]  [3100]  [3700]  [4300]  [4900]  [5400]  [6000]  [6500]  [7000]  [7200]  [7500]
               [100]   80     80     80      80      88      97      103     102     101     105     109     108     108     105     105     105   
               [98]    80     80     80      80      89      95      102     97      99      104     107     106     108     104     104     104   
               [95]    80     80     80      80      88      97      99      96      98      103     107     106     106     104     103     105   
               [90]    80     80     80      80      92      100     99      94      97      101     106     106     104     101     102     104   
               [85]    70     70     70      72      101     104     95      98      100     100     100     99      96      95      95      93    
               [80]    70     70     72      75      98      105     97      99      99      98      95      93      93      92      90      90    
               [75]    70     73     78      80      96      101     95      96      92      92      91      93      91      89      87      85    
 FuelLoad(%)   [70]    70     73     79      86      93      105     99      93      87      87      91      88      86      84      82      80    
               [65]    70     73     78      84      82      91      87      81      77      77      84      84      82      80      78      76    
               [60]    52     52     52      72      71      75      75      70      72      71      81      78      78      76      74      72    
               [55]    50     50     50      62      71      75      70      68      71      66      73      71      69      67      65      63    
               [50]    50     50     50      50      62      73      68      69      70      64      75      69      67      65      63      61    
               [45]    52     50     50      50      62      60      66      66      67      57      71      67      65      63      61      59    
               [40]    52     55     55      55      58      58      64      68      66      55      68      66      64      62      60      58    
               [35]    52     58     58      58      58      58      62      64      57      53      64      62      60      58      58      57    
               [30]    52     58     58      58      58      58      48      28      22      31      62      60      59      59      58      58    
