
                                                                        RPM

                       [501]  [801]  [1101]  [1401]  [2001]  [2601]  [3101]  [3700]  [4300]  [4900]  [5400]  [6000]  [6500]  [7000]  [7200]  [7500]
               [100]   78     85     90      95      99      101     104     109     115     118     117     112     110     108     106     104   
               [98]    76     84     89      94      98      100     103     108     114     117     116     111     109     107     105     103   
               [95]    75     83     88      93      97      99      102     107     113     116     115     110     108     106     104     102   
               [90]    74     82     87      92      96      98      101     106     112     115     114     109     107     105     103     101   
               [85]    74     81     86      91      95      97      100     105     111     114     113     108     106     104     102     100   
               [80]    72     77     82      87      90      93      95      100     105     109     108     103     101     99      97      95    
               [75]    68     70     73      78      81      83      86      90      94      98      97      93      91      89      87      85    
 FuelLoad(%)   [70]    65     66     69      73      76      78      82      86      90      93      92      88      86      84      82      80    
               [65]    61     62     65      69      72      75      79      82      85      89      88      84      82      80      78      76    
               [60]    57     59     61      65      69      72      76      78      81      85      85      80      78      76      74      72    
               [55]    56     59     60      60      62      67      71      73      75      79      77      71      69      67      65      63    
               [50]    57     60     54      62      61      65      69      71      73      77      75      69      67      65      63      61    
               [45]    57     63     46      63      60      63      66      69      71      75      73      67      65      63      61      59    
               [40]    57     56     56      60      60      55      65      67      69      73      71      66      64      62      60      58    
               [35]    57     56     54      65      61      56      56      60      63      66      65      62      60      58      58      57    
               [30]    57     56     55      55      59      60      50      55      58      61      61      60      59      59      58      58    
