localtime,seconds,pulseWidth1,pulseWidth2,rpm,advance,afrtgt1,afrtgt2,barometer,map,mat,coolant,tps,batteryVoltage,afr1,egoCorrection1,veCurr1,iacstep,idleDC,tpsDOT,mapDOT,dwell,mafmap,fuelload,fuelCorrection,looptime,synccnt,deltaT
381.541,780,6.65534,6.64801,2658,22.9,14,14,96,90.9,35.8298,88.0468,62.1,13.5,12.2,100,86.1,76,29.6879,0,0,5.994,0,90.9,100,800.707,0,0
381.563,780,6.64801,6.64202,2662,22.9,14,14,96,90.9,35.8298,88.0468,62.1,13.5,12.2,100,86.1,76,29.6879,0,8,5.994,0,90.9,100,694.701,0,0
381.582,780,6.64801,6.67332,2664,22.9,14,14,96,91,35.8298,88.0468,62.1,13.5,12.1,100,86.3,76,29.6879,0,9,5.994,0,91,100,704.035,0,0
381.603,780,6.64801,6.63336,2658,23,14,14,96,90.8,35.7742,88.0468,62.2,13.5,12.1,100,85.9,76,29.6879,9.7,-8,5.994,0,90.8,100,904.712,0,0
381.625,780,6.63336,6.64202,2665,23,14,14,96,90.8,35.7742,88.0468,62.2,13.7,12.1,100,86,76,29.6879,0,0,5.994,0,90.8,100,750.704,0,0
381.646,780,6.64202,6.62603,2671,23,14,14,96,90.7,35.7742,88.0468,62.2,13.7,12.1,100,85.9,76,29.6879,0,-8,5.994,0,90.7,100,744.037,0,0
381.666,780,6.65734,6.62603,2673,22.9,14,14,96,91,35.7742,88.0468,62.2,13.7,12.1,100,86.4,76,29.6879,0,9,5.994,0,91,100,736.037,0,0
381.685,780,6.64202,6.68198,2676,23,14,14,96,90.9,35.7742,88.1579,62.2,13.7,12.1,100,86.3,76,29.6879,0,9,5.994,0,90.9,100,820.041,0,0
381.706,780,6.67332,6.66599,2677,23,14,14,96,91,35.7742,88.1579,62.2,13.3,12.1,100,86.3,76,29.6879,0,8,5.994,0,91,100,765.372,0,0
381.727,780,6.66599,6.66599,2691,23,14,14,96,90.9,35.7742,88.1579,62.2,13.3,12.1,100,86.3,76,29.6879,0,0,5.994,0,90.9,100,900.045,0,0
381.746,780,6.68198,6.67532,2685,23,14,14,96,91,35.7187,88.1579,62.3,13.3,12.1,100,86.5,76,29.6879,0,9,5.994,0,91,100,739.37,0,0
381.767,780,6.68198,6.67532,2682,23,14,14,96,90.9,35.7187,88.1023,62.3,13.3,12.1,100,86.3,76,29.6879,0,0,5.994,0,90.9,100,718.703,0,0
381.787,780,6.66599,6.68198,2680,23,14,14,96,91,35.7187,88.1023,62.1,13.4,12.1,100,86.4,76,29.6879,-19.2,0,5.994,0,91,100,789.373,0,0
381.808,780,6.68198,6.66599,2685,23,14,14,96,90.9,35.7187,88.1023,62.1,13.4,12.1,100,86.4,76,29.6879,0,0,5.994,0,90.9,100,685.368,0,0
381.827,780,6.67532,6.6913,2696,23,14,14,96,91,35.7187,88.0468,62.1,13.4,12.1,100,86.6,76,29.6879,0,8,5.994,0,91,100,719.369,0,0
381.848,780,6.6913,6.6913,2691,23,14,14,96,91,35.7187,88.0468,62.2,13.5,12.1,100,86.6,76,29.6879,0,0,5.994,0,91,100,752.038,0,0
381.87,780,6.66,6.66932,2700,23,14,14,96,90.8,35.7187,88.0468,62.2,13.5,12.1,100,86.4,76,29.6879,0,0,5.994,0,90.8,100,728.703,0,0
381.889,780,6.67532,6.66932,2703,23,14,14,96,90.9,35.7742,88.0468,62.2,13.5,12.1,100,86.6,76,29.6879,0,0,5.994,0,90.9,100,724.703,0,0
381.907,780,6.67532,6.68398,2702,23,14,14,96,90.9,35.7742,88.1579,62.2,13.5,12.1,100,86.5,76,29.6879,0,0,5.994,0,90.9,100,902.045,0,0
381.928,780,6.67532,6.67532,2709,23,14,14,96,90.9,35.7742,88.1579,62.2,13.3,12.1,100,86.5,76,29.6879,0,0,5.994,0,90.9,100,823.375,0,0
381.948,780,6.68398,6.68398,2716,23,14,14,96,90.9,35.7742,88.1579,62.2,13.3,12.1,100,86.6,76,29.6879,0,0,5.994,0,90.9,100,894.045,0,0
381.968,780,6.69397,6.67798,2713,23,14,14,96,90.9,35.7187,88.1579,62.2,13.3,12,100,86.7,76,29.6879,0,9,5.994,0,90.9,100,730.036,0,0
381.989,780,6.69397,6.69397,2708,23,14,14,96,90.8,35.7187,88.2134,62.2,13.3,12,100,86.5,76,29.6879,0,-8,5.994,0,90.8,100,714.036,0,0
382.008,780,6.66932,6.66932,2709,23,14,14,96,90.9,35.7187,88.2134,62.2,13.3,12,100,86.6,76,29.6879,0,9,5.994,0,90.9,100,743.37,0,0
382.028,780,6.68398,6.69397,2722,23,14,14,96,90.9,35.7187,88.2134,62.3,13.3,12,100,86.7,76,29.6879,10.4,0,5.994,0,90.9,100,716.036,0,0
382.049,780,6.70329,6.70928,2722,23,14,14,96,91,35.6631,88.1023,62.3,13.3,12,100,86.9,76,29.6879,0,9,5.994,0,91,100,832.708,0,0
382.07,780,6.70329,6.70928,2721,23,14,14,96,91,35.6631,88.1023,62.3,13.5,12,100,86.9,76,29.6879,0,9,5.994,0,91,100,1068.05,0,0
382.09,780,6.67798,6.68731,2720,23,14,14,96,90.8,35.6631,88.1023,62.3,13.5,12,100,86.7,76,29.6879,0,0,5.994,0,90.8,100,769.372,0,0
382.109,780,6.70928,6.68731,2726,23,14,14,96,90.9,35.7187,88.1023,62.3,13.5,12,100,86.8,76,29.6879,0,-8,5.994,0,90.9,100,709.369,0,0
382.13,780,6.70329,6.70329,2739,23,14,14,96,91,35.7187,88.1579,62.3,13.5,12,100,87,76,29.6879,0,9,5.994,0,91,100,796.706,0,0
382.15,780,6.71794,6.71794,2736,23,14,14,96,91,35.7187,88.1579,62.3,13.4,12,100,87,76,29.6879,0,0,5.994,0,91,100,694.701,0,0
382.169,780,6.70329,6.71794,2734,23,14,14,96,90.9,35.7187,88.1579,62.3,13.4,12,100,86.9,76,29.6879,0,-9,5.994,0,90.9,100,768.038,0,0
382.19,780,6.71794,6.70329,2737,23,14,14,96,91,35.6631,88.1579,62.3,13.4,12,100,87,76,29.6879,0,9,5.994,0,91,100,762.038,0,0
382.21,780,6.69596,6.69596,2748,23,14,14,96,90.8,35.6631,88.1023,62.1,13.4,12,100,86.8,76,29.6879,-9.3,0,5.994,0,90.8,100,744.037,0,0
382.23,780,6.69596,6.71195,2748,23,14,14,96,91.1,35.6631,88.1023,62.1,13.2,12,100,87.3,76,29.6879,0,18,5.994,0,91.1,100,727.37,0,0
382.251,780,6.74325,6.74325,2747,23,14,14,96,91,35.6631,88.1023,62.2,13.2,12,100,87.1,76,29.6879,9.4,-9,5.994,0,91,100,758.038,0,0
382.272,780,6.72727,6.72127,2749,23,14,14,96,91,35.6076,88.0468,62.2,13.2,12,100,87.2,76,29.6879,0,8,5.994,0,91,100,898.045,0,0
382.292,780,6.73592,6.73592,2748,23,14,14,96,90.9,35.6076,88.0468,62.3,13.4,12,100,87,76,29.6879,9.8,-9,5.994,0,90.9,100,718.703,0,0
382.312,780,6.71195,6.73592,2749,23,14,14,96,91,35.6076,88.0468,62.3,13.4,12,100,87.2,76,29.6879,0,9,5.994,0,91,100,668.033,0,0
382.332,780,6.73592,6.73592,2758,23.1,14,14,96,91,35.6076,88.0468,62.3,13.4,12,100,87.2,76,29.6879,0,0,5.994,0,91,100,926.713,0,0
382.352,780,6.73592,6.73592,2757,23.1,14,14,96,91,35.6076,88.0468,62.3,13.4,12,100,87.3,76,29.6879,0,0,5.994,0,91,100,754.704,0,0
382.372,781,6.74325,6.73592,2756,23.1,14,14,96,91.1,35.6076,88.0468,62.3,13.6,11.9,100,87.3,76,29.6879,0,0,5.994,0,91.1,100,728.036,0,0
382.392,781,6.73592,6.74325,2762,23.1,14,14,96,91,35.6076,88.0468,62.3,13.6,11.9,100,87.3,76,29.6879,0,0,5.994,0,91,100,742.037,0,0
382.411,781,6.75191,6.73592,2759,23.1,14,14,96,91,35.6631,88.0468,62.3,13.6,11.9,100,87.3,76,29.6879,0,-8,5.994,0,91,100,716.036,0,0
382.43,781,6.73592,6.73592,2774,23.1,14,14,96,91,35.6631,88.269,62.3,13.6,11.9,100,87.3,76,29.6879,0,0,5.994,0,91,100,759.371,0,0
382.451,781,6.78321,6.76123,2770,23.1,14,14,96,91.2,35.6631,88.269,62.3,13.2,11.9,100,87.6,76,29.6879,0,9,5.994,0,91.2,100,1064.05,0,0
382.471,781,6.78321,6.78321,2773,23.1,14,14,96,91.2,35.6631,88.269,62.3,13.2,11.9,100,87.6,76,29.6879,0,0,5.994,0,91.2,100,744.037,0,0
382.492,781,6.78321,6.78321,2772,23.1,14,14,96,91.2,35.6631,88.1579,62.3,13.2,11.9,100,87.6,76,29.6879,0,0,5.994,0,91.2,100,715.369,0,0
382.512,781,6.78321,6.78321,2774,23.1,14,14,96,91.2,35.6631,88.1579,62.3,13.1,11.9,100,87.6,76,29.6879,0,0,5.994,0,91.2,100,716.703,0,0
382.532,781,6.78321,6.78321,2786,23.1,14,14,96,91.2,35.6631,88.1579,62.3,13.1,11.9,100,87.7,76,29.6879,0,0,5.994,0,91.2,100,748.704,0,0
382.551,781,6.78321,6.78321,2782,23.1,14,14,96,91.2,35.6631,88.1579,62.4,13.1,11.9,100,87.7,76,29.6879,0,0,5.994,0,91.2,100,706.035,0,0
382.572,781,6.78321,6.78321,2788,23.1,14,14,96,91.2,35.6631,88.1023,62.2,13.1,11.9,100,87.7,76,29.6879,-9.7,0,5.994,0,91.2,100,742.037,0,0
382.593,781,6.78321,6.78321,2784,23.1,14,14,96,91.2,35.6631,88.1023,62.2,13.1,11.9,100,87.7,76,29.6879,0,0,5.994,0,91.2,100,812.707,0,0
382.614,781,6.78321,6.79187,2793,23.1,14,14,96,91.2,35.6631,88.1023,62.2,13.1,11.9,100,87.8,76,29.6879,0,0,5.994,0,91.2,100,885.378,0,0
382.634,781,6.79187,6.79187,2796,23.1,14,14,96,91.2,35.552,88.1023,62.2,13.1,11.8,100,87.8,76,29.6879,0,0,5.994,0,91.2,100,1034.72,0,0
382.654,781,6.79187,6.80186,2802,23.1,14,14,96,91.2,35.552,88.0468,62.2,13.1,11.8,100,87.9,76,29.6879,0,0,5.994,0,91.2,100,724.036,0,0
382.673,781,6.80186,6.80186,2804,23.1,14,14,96,91.2,35.552,88.0468,62.2,13.2,11.8,100,87.9,76,29.6879,0,0,5.994,0,91.2,100,716.036,0,0
382.694,781,6.79187,6.80186,2798,23.1,14,14,96,91.2,35.552,88.0468,62.2,13.2,11.8,100,87.8,76,29.6879,0,0,5.994,0,91.2,100,752.038,0,0
382.715,781,6.79187,6.79187,2802,23.1,14,14,96,91.2,35.552,88.0468,62.2,13.2,11.8,100,87.9,76,29.6879,0,0,5.994,0,91.2,100,797.373,0,0
382.736,781,6.80186,6.80186,2808,23.1,14,14,96,90.9,35.552,88.0468,62.3,13.4,11.8,100,87.7,76,29.6879,9.7,-27,5.994,0,90.9,100,805.374,0,0
382.756,781,6.77921,6.75724,2811,23.1,14,14,96,91.1,35.552,88.0468,62.4,13.4,11.8,100,87.9,76,29.6879,10.5,0,5.994,0,91.1,100,896.711,0,0
382.775,781,6.75724,6.78787,2808,23.1,14,14,96,91,35.552,88.0468,62.4,13.4,11.8,100,87.8,76,29.6879,0,9,5.994,0,91,100,722.703,0,0
382.796,781,6.77921,6.77322,2804,23.1,14,14,96,91.1,35.552,87.9357,62.4,13.4,11.8,100,87.8,76,29.6879,0,9,5.994,0,91.1,100,909.379,0,0
382.817,781,6.77322,6.7639,2822,23.1,14,14,96,91,35.552,87.9357,62.3,13.5,11.8,100,87.8,76,29.6879,0,0,5.994,0,91,100,939.38,0,0
382.838,781,6.79786,6.78188,2825,23.1,14,14,96,91.1,35.552,87.9357,62.3,13.5,11.8,100,88,76,29.6879,0,9,5.994,0,91.1,100,895.378,0,0
382.859,781,6.81118,6.79786,2828,23.1,14,14,96,91.2,35.552,87.9357,62.3,13.5,11.8,100,88.1,76,29.6879,0,9,5.994,0,91.2,100,1072.05,0,0
382.88,781,6.81118,6.81118,2826,23.1,14,14,96,91.2,35.552,87.9357,62.3,13.6,11.8,100,88.1,76,29.6879,0,0,5.994,0,91.2,100,1042.72,0,0
382.9,781,6.79786,6.7912,2829,23.2,14,14,96,91.1,35.552,87.9357,62.3,13.6,11.8,100,88,76,29.6879,0,9,5.994,0,91.1,100,1076.05,0,0
382.92,781,6.81118,6.79786,2832,23.1,14,14,96,91.2,35.552,87.9357,62.3,13.6,11.8,100,88.1,76,29.6879,0,9,5.994,0,91.2,100,743.37,0,0
382.941,781,6.81118,6.81984,2826,23.1,14,14,96,91.2,35.552,87.9357,62.3,13.6,11.8,100,88.1,76,29.6879,0,0,5.994,0,91.2,100,722.036,0,0
382.96,781,6.81118,6.81984,2836,23.1,14,14,96,91.2,35.552,87.9357,62.3,13.6,11.8,100,88.2,76,29.6879,0,0,5.994,0,91.2,100,732.703,0,0
382.979,781,6.81984,6.82916,2837,23.2,14,14,96,91,35.552,87.9357,62.3,13.6,11.8,100,88.1,76,29.6879,0,-18,5.994,0,91,100,794.04,0,0
382.998,781,6.7912,6.7912,2838,23.2,14,14,96,91.1,35.552,87.9357,62.4,13.6,11.8,100,88.2,76,29.6879,0,9,5.994,0,91.1,100,710.702,0,0
383.019,781,6.80719,6.82916,2842,23.1,14,14,96,91.2,35.552,87.9357,62.4,13.6,11.7,100,88.3,76,29.6879,0,9,5.994,0,91.2,100,793.373,0,0
383.038,781,6.82916,6.79986,2850,23.2,14,14,96,91,35.552,87.9357,62.4,13.6,11.7,100,88.2,76,29.6879,0,-19,5.994,0,91,100,852.709,0,0
383.057,781,6.81584,6.82517,2855,23.2,14,14,96,91.1,35.552,87.9357,62.4,13.6,11.7,100,88.4,76,29.6879,0,0,5.994,0,91.1,100,750.038,0,0
383.076,781,6.81584,6.82517,2854,23.2,14,14,96,91.1,35.4965,87.9357,62.4,13.6,11.7,100,88.3,76,29.6879,0,0,5.994,0,91.1,100,732.037,0,0
383.095,781,6.82916,6.81584,2850,23.1,14,14,96,91.2,35.4965,87.9357,62.4,13.6,11.7,100,88.3,76,29.6879,0,0,5.994,0,91.2,100,812.707,0,0
383.116,781,6.82916,6.82916,2855,23.2,14,14,96,91,35.4965,87.9357,62.4,13.6,11.7,100,88.3,76,29.6879,0,-19,5.994,0,91,100,734.037,0,0
383.137,781,6.81584,6.80918,2859,23.2,14,14,96,91.1,35.4965,87.9357,62.3,13.6,11.7,100,88.4,76,29.6879,-9.6,0,5.994,0,91.1,100,719.369,0,0
383.156,781,6.83782,6.82517,2862,23.2,14,14,96,91.2,35.4965,87.9357,62,13.6,11.7,100,88.5,76,29.6879,-9.6,0,5.994,0,91.2,100,911.379,0,0
383.176,781,6.83782,6.83782,2857,23.2,14,14,96,91.2,35.4965,87.9357,62.1,13.6,11.7,100,88.4,76,29.6879,0,0,5.994,0,91.2,100,774.705,0,0
383.195,781,6.83782,6.83782,2873,23.2,14,14,96,91.2,35.4965,87.9357,62.1,13.6,11.7,100,88.5,76,29.6879,0,0,5.994,0,91.2,100,818.041,0,0
383.215,781,6.86313,6.84715,2882,23.2,14,14,96,91.4,35.4965,87.9357,62.1,13.6,11.7,100,88.7,76,29.6879,0,19,5.994,0,91.4,100,760.038,0,0
383.235,781,6.8558,6.87179,2884,23.2,14,14,96,91.3,35.4965,87.9357,62.1,13.6,11.7,100,88.7,76,29.6879,0,-9,5.994,0,91.3,100,744.704,0,0
383.254,781,6.8558,6.8558,2882,23.2,14,14,96,91.2,35.4965,87.9357,62.1,13.5,11.7,100,88.7,76,29.6879,0,0,5.994,0,91.2,100,742.037,0,0
383.274,781,6.8558,6.8558,2878,23.2,14,14,96,91.2,35.4965,87.9357,62.1,13.5,11.7,100,88.6,76,29.6879,0,0,5.994,0,91.2,100,766.705,0,0
383.295,781,6.84715,6.81784,2881,23.3,14,14,96,91.1,35.4409,87.9357,62.1,13.5,11.7,100,88.6,76,29.6879,0,9,5.994,0,91.1,100,812.041,0,0
383.316,781,6.83383,6.84715,2886,23.2,14,14,96,91.2,35.4409,87.8801,62.1,13.5,11.7,100,88.7,76,29.6879,0,0,5.994,0,91.2,100,773.372,0,0
383.335,781,6.8558,6.8558,2890,23.2,14,14,96,91.2,35.4409,87.8801,62.2,13.5,11.7,100,88.7,76,29.6879,0,0,5.994,0,91.2,100,766.705,0,0
383.354,782,6.8558,6.86513,2894,23.2,14,14,96,91.2,35.4409,87.8801,62.2,13.5,11.7,100,88.8,76,29.6879,0,0,5.994,0,91.2,100,916.713,0,0
383.375,782,6.86513,6.86513,2892,23.2,14,14,96,91.2,35.3853,87.8246,62.2,13.5,11.7,100,88.8,76,29.6879,0,0,5.994,0,91.2,100,740.704,0,0
383.396,782,6.8558,6.86513,2893,23.2,14,14,96,91.2,35.3853,87.8246,62.2,13.5,11.7,100,88.8,76,29.6879,0,0,5.994,0,91.2,100,700.702,0,0
383.416,782,6.86513,6.86513,2891,23.2,14,14,96,91.2,35.3853,87.8246,62.2,13.5,11.7,100,88.8,76,29.6879,0,0,5.994,0,91.2,100,716.036,0,0
383.436,782,6.8558,6.86513,2897,23.2,14,14,96,91.2,35.3853,87.8246,62.2,13.5,11.7,100,88.8,76,29.6879,0,0,5.994,0,91.2,100,708.702,0,0
383.454,782,6.86513,6.83582,2902,23.3,14,14,96,91,35.3853,87.8801,62.2,13.5,11.7,100,88.7,76,29.6879,0,-9,5.994,0,91,100,906.045,0,0
383.474,782,6.85181,6.87512,2911,23.2,14,14,96,91.3,35.3853,87.8801,62.2,13.6,11.6,100,89,76,29.6879,0,14,5.994,0,91.3,100,754.704,0,0
383.494,782,6.86513,6.87512,2908,23.2,14,14,96,91.2,35.3853,87.8801,62.2,13.6,11.6,100,89,76,29.6879,0,-9,5.994,0,91.2,100,726.703,0,0
383.513,782,6.86513,6.87512,2909,23.2,14,14,96,91.2,35.3853,87.8801,62.2,13.6,11.6,100,88.9,76,29.6879,0,0,5.994,0,91.2,100,748.037,0,0
383.534,782,6.86513,6.86513,2909,23.2,14,14,96,91.2,35.3853,87.9357,62.2,13.6,11.6,100,88.9,76,29.6879,0,0,5.994,0,91.2,100,754.038,0,0
383.555,782,6.86513,6.86513,2911,23.2,14,14,96,91.4,35.3853,87.9357,62.2,13.6,11.6,100,89,76,29.6879,0,19,5.994,0,91.4,100,726.036,0,0
383.575,782,6.87512,6.88111,2921,23.2,14,14,96,91.3,35.3853,87.9357,62.2,13.6,11.6,100,89.1,76,29.6879,0,-9,5.994,0,91.3,100,728.703,0,0
383.593,782,6.88378,6.88378,2928,23.3,14,14,96,91.4,35.3853,87.9357,62.2,13.6,11.6,100,89.2,76,29.6879,0,0,5.994,0,91.4,100,775.372,0,0
383.612,782,6.88378,6.89909,2928,23.3,14,14,96,91.3,35.3853,87.9357,62.2,13.5,11.6,100,89.1,76,29.6879,0,0,5.994,0,91.3,100,910.046,0,0
383.632,782,6.88378,6.88378,2925,23.2,14,14,96,91.3,35.3853,87.9357,62.2,13.5,11.6,100,89.1,76,29.6879,0,0,5.994,0,91.3,100,756.705,0,0
383.652,782,6.88378,6.88378,2924,23.2,14,14,96,91.3,35.3853,87.9357,62.2,13.5,11.6,100,89.1,76,29.6879,0,0,5.994,0,91.3,100,812.041,0,0
383.671,782,6.88378,6.88378,2933,23.3,14,14,96,91.2,35.3853,87.9357,62.2,13.5,11.6,100,89.1,76,29.6879,0,-9,5.994,0,91.2,100,794.04,0,0
383.692,782,6.8931,6.89909,2934,23.3,14,14,96,91.3,35.3853,87.9357,62.2,13.5,11.6,100,89.2,76,29.6879,0,-9,5.994,0,91.3,100,906.712,0,0
383.712,782,6.8931,6.8931,2938,23.3,14,14,96,91.2,35.3853,87.9357,62.2,13.5,11.6,100,89.2,76,29.6879,0,-5,5.994,0,91.2,100,814.041,0,0
383.733,782,6.8931,6.89909,2935,23.3,14,14,96,91.3,35.3853,87.9357,62.2,13.5,11.6,100,89.2,76,29.6879,0,-9,5.994,0,91.3,100,914.712,0,0
383.754,782,6.88378,6.8931,2935,23.3,14,14,96,91.2,35.3853,88.1023,62.2,13.5,11.6,100,89.1,76,29.6879,0,0,5.994,0,91.2,100,808.04,0,0
383.773,782,6.8931,6.8931,2943,23.3,14,14,96,91.2,35.3853,88.1023,62.3,13.4,11.6,100,89.2,76,29.6879,0,0,5.994,0,91.2,100,752.038,0,0
383.792,782,6.8931,6.87312,2951,23.3,14,14,96,91.3,35.3853,88.1023,62.3,13.4,11.6,100,89.3,76,29.6879,0,-9,5.994,0,91.3,100,908.712,0,0
383.812,782,6.90176,6.90908,2954,23.3,14,14,96,91.3,35.3853,88.0468,62.3,13.4,11.6,100,89.4,76,29.6879,0,-9,5.994,0,91.3,100,767.372,0,0
383.832,782,6.8931,6.90176,2944,23.3,14,14,96,91.3,35.3853,88.0468,62.3,13.3,11.6,100,89.3,76,29.6879,0,0,5.994,0,91.3,100,746.704,0,0
383.851,782,6.8931,6.8931,2942,23.3,14,14,96,91.2,35.3853,88.0468,62.3,13.3,11.6,100,89.2,76,29.6879,0,-9,5.994,0,91.2,100,717.369,0,0
383.87,782,6.8931,6.8931,2947,23.3,14,14,96,91,35.3853,88.0468,62.3,13.3,11.6,100,89.2,76,29.6879,0,-19,5.994,0,91,100,748.704,0,0
383.889,782,6.87312,6.8931,2950,23.3,14,14,96,91.2,35.3853,88.1579,62.3,13.3,11.6,100,89.3,76,29.6879,0,-9,5.994,0,91.2,100,812.707,0,0
383.91,782,6.8931,6.90176,2957,23.3,14,14,96,91.4,35.3853,88.1579,62.3,13.1,11.6,100,89.4,76,29.6879,0,10,5.994,0,91.4,100,910.046,0,0
383.931,782,6.90908,6.91774,2957,23.3,14,14,96,91.4,35.3853,88.1579,62.3,13.1,11.5,100,89.4,76,29.6879,0,0,5.994,0,91.4,100,816.041,0,0
383.95,782,6.90908,6.91774,2961,23.3,14,14,96,91.5,35.3853,88.2134,62.3,13.1,11.5,100,89.5,76,29.6879,0,5,5.994,0,91.5,100,741.37,0,0
383.97,782,6.92374,6.91774,2956,23.3,14,14,96,91.4,35.3853,88.2134,62.3,13.1,11.5,100,89.4,76,29.6879,0,0,5.994,0,91.4,100,828.041,0,0
383.99,782,6.90908,6.90176,2961,23.3,14,14,96,91.4,35.3853,88.2134,62.3,13.1,11.5,100,89.5,76,29.6879,0,9,5.994,0,91.4,100,910.712,0,0
384.011,782,6.91774,6.92707,2975,23.3,14,14,96,91.3,35.3853,88.2134,62.3,13.1,11.5,100,89.6,76,29.6879,0,-5,5.994,0,91.3,100,884.711,0,0
384.03,782,6.91974,6.91974,2976,23.4,14,14,96,91.3,35.4409,88.2134,62.2,13.1,11.5,100,89.6,76,29.6879,0,0,5.994,0,91.3,100,836.708,0,0
384.049,782,6.91974,6.92707,2971,23.3,14,14,96,91.4,35.4409,88.2134,62.2,13.5,11.5,100,89.6,76,29.6879,0,5,5.994,0,91.4,100,901.378,0,0
384.068,782,6.92707,6.91108,2967,23.3,14,14,96,91.3,35.4409,88.2134,62.2,13.5,11.5,100,89.5,76,29.6879,0,-9,5.994,0,91.3,100,722.703,0,0
384.087,782,6.91108,6.92707,2980,23.4,14,14,96,91.4,35.3853,88.2134,62.2,13.5,11.5,100,89.6,76,29.6879,0,5,5.994,0,91.4,100,714.036,0,0
384.108,782,6.92707,6.92707,2983,23.4,14,14,96,91.4,35.3853,88.2134,62.2,13.5,11.5,100,89.7,76,29.6879,0,0,5.994,0,91.4,100,924.046,0,0
384.129,782,6.93373,6.92707,2981,23.4,14,14,96,91.4,35.3853,88.2134,62.2,13.5,11.5,100,89.7,76,29.6879,0,5,5.994,0,91.4,100,780.039,0,0
384.15,782,6.92707,6.92707,2977,23.4,14,14,96,91.4,35.3853,88.2134,62.2,13.5,11.5,100,89.6,76,29.6879,0,0,5.994,0,91.4,100,704.035,0,0
384.17,782,6.93373,6.93373,2986,23.4,14,14,96,91.4,35.3298,88.1023,62.2,13.5,11.5,100,89.7,76,29.6879,0,-9,5.994,0,91.4,100,710.702,0,0
384.191,782,6.92707,6.93572,2991,23.4,14,14,96,91.4,35.3298,88.1023,62.1,13.4,11.5,100,89.7,76,29.6879,0,0,5.994,0,91.4,100,724.036,0,0
384.212,782,6.92707,6.94305,2994,23.3,14,14,96,91.5,35.3298,88.1023,62.3,13.4,11.5,100,89.8,76,29.6879,9.4,5,5.994,0,91.5,100,930.713,0,0
384.233,782,6.94305,6.94305,2996,23.3,14,14,96,91.5,35.2743,88.1023,62.3,13.4,11.4,100,89.8,76,29.6879,0,0,5.994,0,91.5,100,826.041,0,0
384.254,782,6.94305,6.93572,2993,23.4,14,14,96,91.4,35.2743,88.0468,62.4,13.4,11.4,100,89.8,76,29.6879,0,-4,5.994,0,91.4,100,786.706,0,0
384.273,782,6.93572,6.91974,2992,23.4,14,14,96,91.4,35.2743,88.0468,62.4,13.1,11.4,100,89.8,76,29.6879,0,0,5.994,0,91.4,100,770.039,0,0
384.294,782,6.93572,6.94305,3000,23.3,14,14,96,91.5,35.2743,88.0468,62.4,13.1,11.4,100,89.8,76,29.6879,0,5,5.994,0,91.5,100,774.705,0,0
384.314,782,6.94305,6.95171,3012,23.4,14,14,96,91.5,35.3853,88.269,62.4,13.1,11.4,100,89.9,76,29.6879,0,0,5.994,0,91.5,100,741.37,0,0
384.333,782,6.95171,6.96103,3011,23.5,14,14,96,91.3,35.3853,88.269,62.4,13.5,11.4,100,89.9,76,29.6879,0,-10,5.994,0,91.3,100,741.37,0,0
384.352,782,6.93772,6.93772,3007,23.4,14,14,96,91.4,35.3853,88.269,62.5,13.5,11.4,100,89.9,76,29.6879,10.1,5,5.994,0,91.4,100,734.703,0,0
384.372,783,6.94505,6.98101,3006,23.3,14,14,96,91.7,35.3853,88.269,62.4,13.5,11.4,100,89.9,76,29.6879,0,38,5.994,0,91.7,100,768.705,0,0
384.392,783,6.96503,6.95171,3008,23.4,14,14,96,91.4,35.3298,88.0468,62.4,13.5,11.4,100,89.9,76,29.6879,0,-14,5.994,0,91.4,100,771.372,0,0
384.412,783,6.94505,6.96769,3020,23.5,14,14,96,91.5,35.3298,88.0468,62.4,13.5,11.4,100,90,76,29.6879,0,-9,5.994,0,91.5,100,826.041,0,0
384.431,783,6.96103,6.95371,3026,23.5,14,14,96,91.6,35.3298,88.0468,62.4,13.5,11.4,100,90.1,76,29.6879,0,5,5.994,0,91.6,100,776.039,0,0
384.452,783,6.96769,6.96769,3022,23.5,14,14,96,91.5,35.2743,88.0468,62.3,13.5,11.4,100,90,76,29.6879,-9.4,0,5.994,0,91.5,100,832.708,0,0
384.473,783,6.96103,6.95371,3013,23.4,14,14,96,91.5,35.2743,88.0468,62.3,13.5,11.4,100,90,76,29.6879,0,-10,5.994,0,91.5,100,773.372,0,0
384.492,783,6.96103,6.96103,3021,23.5,14,14,96,91.5,35.2743,88.0468,62.3,13.3,11.3,100,90,76,29.6879,0,5,5.994,0,91.5,100,740.704,0,0
384.513,783,6.96103,6.96103,3030,23.6,14,14,96,91.4,35.2743,88.0468,62.3,13.3,11.3,100,90.1,76,29.6879,0,0,5.994,0,91.4,100,784.039,0,0
384.534,783,6.95371,6.96969,3035,23.6,14,14,96,91.4,35.3298,88.1579,62.2,13.3,11.3,100,90.1,76,29.6879,-9.8,0,5.994,0,91.4,100,742.704,0,0
384.554,783,6.95371,6.95704,3037,23.6,14,14,96,91.4,35.3298,88.1579,62.2,13.5,11.3,100,90.1,76,29.6879,0,-10,5.994,0,91.4,100,788.039,0,0
384.573,783,6.97702,6.97702,3043,23.6,14,14,96,91.6,35.3298,88.1579,62.3,13.5,11.2,100,90.2,76,29.6879,9.8,15,5.994,0,91.6,100,1125.39,0,0
384.594,783,6.96969,6.96969,3042,23.6,14,14,96,91.5,35.3298,88.1579,62.4,13.5,11.2,100,90.2,76,29.6879,9.4,0,5.994,0,91.5,100,767.372,0,0
384.615,783,6.96969,6.97702,3039,23.6,14,14,96,91.5,35.2743,88.1023,62.4,13.5,11.2,100,90.2,76,29.6879,0,0,5.994,0,91.5,100,1090.72,0,0
384.636,783,6.96969,6.96303,3047,23.7,14,14,96,91.5,35.2743,88.1023,62.4,13.4,11.2,100,90.2,76,29.6879,0,-9,5.994,0,91.5,100,920.046,0,0
384.656,783,6.993,6.97702,3054,23.7,14,14,96,91.7,35.2743,88.1023,62.4,13.4,11.2,100,90.3,76,29.6879,0,10,5.994,0,91.7,100,761.371,0,0
384.675,783,6.993,6.993,3057,23.7,14,14,96,91.7,35.2187,88.1023,62.4,13.4,11.2,100,90.3,76,29.6879,0,0,5.994,0,91.7,100,772.039,0,0
384.696,783,6.993,6.993,3045,23.7,14,14,96,91.7,35.2187,88.1579,62.4,13.4,11.2,100,90.3,76,29.6879,0,0,5.994,0,91.7,100,766.705,0,0
384.717,783,6.98368,6.98368,3050,23.7,14,14,96,91.7,35.2187,88.1579,62.4,13.2,11.2,100,90.3,76,29.6879,0,0,5.994,0,91.7,100,741.37,0,0
384.736,783,6.97901,6.993,3061,23.8,14,14,96,91.4,35.2187,88.1579,62.3,13.2,11.2,100,90.4,76,29.6879,-9.7,-15,5.994,0,91.4,100,816.708,0,0
384.757,783,6.98767,6.98168,3070,23.8,14,14,96,91.6,35.3298,88.2134,62.3,13.2,11.2,100,90.4,76,29.6879,0,9,5.994,0,91.6,100,914.046,0,0
384.776,783,7.00166,6.995,3068,23.8,14,14,96,91.7,35.3298,88.2134,62.3,13.5,11.2,100,90.4,76,29.6879,0,10,5.994,0,91.7,100,734.037,0,0
384.796,783,7.00166,7.00166,3064,23.8,14,14,96,91.7,35.3298,88.2134,62.3,13.5,11.2,100,90.4,76,29.6879,0,0,5.994,0,91.7,100,822.041,0,0
384.815,783,7.00166,7.00166,3065,23.8,14,14,96,91.7,35.2743,88.2134,62.4,13.5,11.2,100,90.4,76,29.6879,0,0,5.994,0,91.7,100,758.705,0,0
384.834,783,7.00166,7.00166,3063,23.8,14,14,96,91.7,35.2743,88.1023,62.5,13.5,11.2,100,90.4,76,29.6879,0,0,5.994,0,91.7,100,815.374,0,0
384.855,783,6.98767,7.00166,3074,23.8,14,14,96,91.5,35.2743,88.1023,62.5,13.3,11.2,100,90.5,76,29.6879,0,-19,5.994,0,91.5,100,904.045,0,0
384.876,783,6.995,6.98767,3079,23.8,14,14,96,91.9,35.2743,88.1023,62.5,13.3,11.2,100,90.5,76,29.6879,0,29,5.994,0,91.9,100,766.705,0,0
384.899,783,7.01564,7.01564,3079,23.8,14,14,96,91.9,35.3298,88.1579,62.4,13.3,11.2,100,90.5,76,29.6879,-10.1,0,5.994,0,91.9,100,771.372,0,0
384.92,783,7.01564,7.01564,3076,23.8,14,14,96,91.9,35.3298,88.1579,62.4,13.5,11.2,100,90.5,76,29.6879,0,0,5.994,0,91.9,100,796.706,0,0
384.938,783,7.00898,7.00166,3076,23.9,14,14,96,91.7,35.3298,88.1579,62.4,13.5,11.2,100,90.5,76,29.6879,0,-5,5.994,0,91.7,100,700.702,0,0
384.959,783,7.00166,7.01564,3080,23.8,14,14,96,91.9,35.3298,88.1579,62.4,13.5,11.2,100,90.5,76,29.6879,0,-5,5.994,0,91.9,100,767.372,0,0
384.978,783,7.02164,7.00898,3081,23.9,14,14,96,91.6,35.2743,88.1023,62.4,13.5,11.1,100,90.5,76,29.6879,0,-20,5.994,0,91.6,100,695.368,0,0
384.998,783,6.995,7.00166,3084,23.9,14,14,96,91.7,35.2743,88.1023,62.4,13.2,11.1,100,90.5,76,29.6879,0,-20,5.994,0,91.7,100,687.368,0,0
385.018,783,7.00166,7.01098,3090,23.9,14,14,96,91.7,35.2743,88.1023,62.4,13.2,11.1,100,90.6,76,29.6879,0,0,5.994,0,91.7,100,726.703,0,0
385.039,783,7.01098,7.02497,3094,24,14,14,96,91.8,35.2743,88.1023,62.5,13.2,11.1,100,90.6,76,29.6879,0,5,5.994,0,91.8,100,718.036,0,0
385.058,783,7.01764,7.01764,3094,24,14,14,96,91.8,35.2743,88.1579,62.5,13.2,11.1,100,90.6,76,29.6879,0,0,5.994,0,91.8,100,801.373,0,0
385.077,783,7.01764,7.02497,3097,24,14,14,96,91.9,35.2743,88.1579,62.5,13.2,11.1,100,90.6,76,29.6879,0,5,5.994,0,91.9,100,746.037,0,0
385.098,783,7.02497,7.01764,3097,24,14,14,96,91.8,35.2743,88.1579,62.5,13.2,11.1,100,90.6,76,29.6879,0,-9,5.994,0,91.8,100,808.04,0,0
385.12,783,7.01764,7.02497,3094,24,14,14,96,91.8,35.2187,88.2134,62.4,13.2,11.1,100,90.6,76,29.6879,0,5,5.994,0,91.8,100,736.703,0,0
385.139,783,7.01964,7.01764,3107,24,14,14,96,91.7,35.2187,88.2134,62.4,13,11.1,100,90.7,76,29.6879,0,-5,5.994,0,91.7,100,722.703,0,0
385.16,783,7.03163,7.02497,3118,24.1,14,14,96,92,35.2187,88.2134,62.4,13,11.1,100,90.6,76,29.6879,0,9,5.994,0,92,100,774.039,0,0
385.179,783,7.02497,7.03163,3115,24.1,14,14,96,91.9,35.2743,88.2134,62.4,13,11.1,100,90.6,76,29.6879,0,-5,5.994,0,91.9,100,816.708,0,0
385.2,783,7.03163,7.03163,3112,24.1,14,14,96,92,35.2743,88.2134,62.4,13,11.1,100,90.6,76,29.6879,0,9,5.994,0,92,100,912.046,0,0
385.22,783,7.01764,7.01764,3112,24.1,14,14,96,91.8,35.2743,88.2134,62.5,13.2,11.1,100,90.6,76,29.6879,9.8,-10,5.994,0,91.8,100,743.37,0,0
385.24,783,7.02497,7.02497,3116,24.1,14,14,96,92,35.2743,88.2134,62.5,13.2,11.1,100,90.6,76,29.6879,0,5,5.994,0,92,100,754.038,0,0
385.261,783,7.02497,7.03163,3120,24.1,14,14,96,92,35.2187,88.1023,62.5,13.2,11.1,100,90.6,76,29.6879,0,0,5.994,0,92,100,742.037,0,0
385.282,783,7.02497,7.03163,3123,24.1,14,14,96,91.9,35.2187,88.1023,62.4,13.1,11.1,100,90.6,76,29.6879,0,-5,5.994,0,91.9,100,782.039,0,0
385.302,783,7.03163,7.03163,3131,24.2,14,14,96,92,35.2187,88.1023,62.4,13.1,11.1,100,90.6,76,29.6879,0,9,5.994,0,92,100,728.036,0,0
385.322,783,7.02497,7.03163,3122,24.2,14,14,96,92,35.2743,88.1023,62.4,13.1,11,100,90.6,76,29.6879,0,-5,5.994,0,92,100,797.373,0,0
385.343,783,7.02497,7.02896,3122,24.1,14,14,96,92.1,35.2743,88.1579,62.4,13.1,11,100,90.5,76,29.6879,0,0,5.994,0,92.1,100,764.705,0,0
385.364,784,7.03163,7.01764,3129,24.2,14,14,96,91.8,35.2743,88.1579,62.5,13.3,11,100,90.6,76,29.6879,0,5,5.994,0,91.8,100,783.372,0,0
385.384,784,7.02497,7.02497,3139,24.2,14,14,96,92.1,35.2743,88.1579,62.5,13.3,11,100,90.5,76,29.6879,0,10,5.994,0,92.1,100,707.369,0,0
385.404,784,7.02896,7.03562,3135,24.2,14,14,96,92,35.2187,88.1023,62.5,13.3,11,100,90.5,76,29.6879,0,-5,5.994,0,92,100,751.371,0,0
385.425,784,7.02164,7.02164,3132,24.2,14,14,96,91.9,35.2187,88.1023,62.4,13.3,11,100,90.6,76,29.6879,-8.9,-5,5.994,0,91.9,100,830.708,0,0
385.446,784,7.02497,7.02896,3132,24.2,14,14,96,92,35.2187,88.1023,62.4,13.2,11,100,90.5,76,29.6879,0,5,5.994,0,92,100,751.371,0,0
385.466,784,7.02164,7.02164,3151,24.3,14,14,96,92,35.2187,88.1023,62.3,13.2,11,100,90.5,76,29.6879,-9.7,0,5.994,0,92,100,770.039,0,0
385.487,784,7.01564,7.02164,3154,24.3,14,14,96,91.9,35.1632,88.0468,62.4,13.2,11,100,90.5,76,29.6879,0,0,5.994,0,91.9,100,1110.06,0,0
385.506,784,7.03562,7.02896,3151,24.3,14,14,96,92.2,35.1632,88.0468,62.5,13.2,11,100,90.5,76,29.6879,9.3,5,5.994,0,92.2,100,752.704,0,0
385.527,784,7.02164,7.03562,3148,24.3,14,14,96,92,35.1632,88.0468,62.5,13.2,11,100,90.5,76,29.6879,0,5,5.994,0,92,100,785.373,0,0
385.548,784,7.02896,7.02896,3156,24.3,14,14,96,92.2,35.2187,88.0468,62.5,13.2,11,100,90.5,76,29.6879,0,5,5.994,0,92.2,100,924.046,0,0
385.569,784,7.03562,7.03562,3162,24.4,14,14,96,92.2,35.2187,88.269,62.4,13.2,11,100,90.5,76,29.6879,0,0,5.994,0,92.2,100,744.037,0,0
385.59,784,7.03562,7.03562,3158,24.4,14,14,96,92.2,35.2187,88.269,62.4,13.3,11,100,90.5,76,29.6879,0,0,5.994,0,92.2,100,738.704,0,0
385.61,784,7.03562,7.04894,3159,24.3,14,14,96,92.4,35.2187,88.269,62.4,13.3,11,100,90.4,76,29.6879,0,0,5.994,0,92.4,100,888.044,0,0
385.63,784,7.04894,7.04295,3161,24.4,14,14,96,92.3,35.1632,88.269,62.4,13.3,11,100,90.4,76,29.6879,0,11,5.994,0,92.3,100,733.37,0,0
385.651,784,7.03562,7.04894,3160,24.3,14,14,96,92.4,35.1632,88.269,62.4,13.6,11,100,90.4,76,29.6879,0,-10,5.994,0,92.4,100,724.036,0,0
385.672,784,7.02164,7.02164,3164,24.4,14,14,96,92,35.1632,88.269,62.4,13.6,11,100,90.5,76,29.6879,0,0,5.994,0,92,100,805.374,0,0
385.693,784,7.02164,7.04295,3173,24.4,14,14,96,92.4,35.1076,88.269,62.4,13.6,11,100,90.4,76,29.6879,0,21,5.994,0,92.4,100,713.369,0,0
385.714,784,7.04894,7.04894,3170,24.4,14,14,96,92.4,35.1076,88.1579,62.4,13.6,11,100,90.4,76,29.6879,0,0,5.994,0,92.4,100,1059.39,0,0
385.734,784,7.04295,7.04295,3168,24.4,14,14,96,92.3,35.1076,88.1579,62.4,13.2,11,100,90.4,76,29.6879,9.6,-9,5.994,0,92.3,100,745.371,0,0
385.753,784,7.03562,7.04295,3177,24.5,14,14,96,92.4,35.1076,88.1579,62.4,13.2,11,100,90.4,76,29.6879,0,5,5.994,0,92.4,100,735.37,0,0
385.772,784,7.04295,7.04894,3182,24.5,14,14,96,92.4,35.1076,88.1023,62.4,13.2,11,100,90.4,76,29.6879,0,0,5.994,0,92.4,100,755.371,0,0
385.791,784,7.04894,7.04894,3182,24.5,14,14,96,92.4,35.1076,88.1023,62.4,13.2,11,100,90.4,76,29.6879,0,0,5.994,0,92.4,100,764.705,0,0
385.812,784,7.0556,7.04894,3190,24.5,14,14,96,92.4,35.1076,88.1023,62.4,13.2,11,100,90.4,76,29.6879,0,0,5.994,0,92.4,100,728.036,0,0
385.833,784,7.04894,7.04894,3192,24.5,14,14,96,92.5,35.1076,88.1023,62.4,13.2,11,100,90.3,76,29.6879,0,5,5.994,0,92.5,100,778.706,0,0
385.852,784,7.04894,7.04295,3192,24.6,14,14,96,92.3,35.1632,88.1579,62.4,13.2,11,100,90.4,76,29.6879,0,-10,5.994,0,92.3,100,744.704,0,0
385.874,784,7.03562,7.04894,3189,24.5,14,14,96,92.4,35.1632,88.1579,62.5,13.4,11,100,90.4,76,29.6879,9.7,5,5.994,0,92.4,100,736.703,0,0
385.895,784,7.04894,7.04695,3192,24.5,14,14,96,92.5,35.1632,88.1579,62.6,13.4,11,100,90.3,76,29.6879,0,5,5.994,0,92.5,100,761.371,0,0
385.914,784,7.04894,7.05361,3203,24.5,14,14,96,92.5,35.1632,88.1579,62.5,13.4,11,100,90.3,76,29.6879,-10,5,5.994,0,92.5,100,903.378,0,0
385.933,784,7.04695,7.04695,3199,24.6,14,14,96,92.4,35.1632,88.2134,62.4,13.4,11,100,90.4,76,29.6879,-9.3,-5,5.994,0,92.4,100,899.378,0,0
385.954,784,7.04894,7.04695,3198,24.5,14,14,96,92.5,35.1632,88.2134,62.4,13.5,11,100,90.3,76,29.6879,0,0,5.994,0,92.5,100,798.04,0,0
385.974,784,7.04695,7.04695,3200,24.6,14,14,96,92.4,35.1632,88.2134,62.5,13.5,11,100,90.4,76,29.6879,9.5,0,5.994,0,92.4,100,720.036,0,0
385.994,784,7.04695,7.04695,3206,24.5,14,14,96,92.5,35.1632,88.3245,62.5,13.5,11,100,90.3,76,29.6879,0,0,5.994,0,92.5,100,756.705,0,0
386.013,784,7.04695,7.05361,3211,24.5,14,14,96,92.5,35.1632,88.3245,62.5,13.6,11,100,90.3,76,29.6879,0,5,5.994,0,92.5,100,758.038,0,0
386.032,784,7.06093,7.05361,3218,24.6,14,14,96,92.7,35.1632,88.3245,62.5,13.6,11,100,90.3,76,29.6879,0,0,5.994,0,92.7,100,1062.05,0,0
386.052,784,7.03962,7.04695,3216,24.7,14,14,96,92.4,35.1632,88.3245,62.4,13.6,11,100,90.3,76,29.6879,0,-5,5.994,0,92.4,100,906.712,0,0
386.073,784,7.05361,7.05361,3216,24.6,14,14,96,92.6,35.1076,88.1579,62.4,13.6,11,100,90.3,76,29.6879,0,5,5.994,0,92.6,100,758.038,0,0
386.092,784,7.04695,7.05361,3216,24.6,14,14,96,92.7,35.1076,88.1579,62.5,13.3,11,100,90.3,76,29.6879,10.5,5,5.994,0,92.7,100,918.046,0,0
386.113,784,7.06093,7.06093,3223,24.6,14,14,96,92.7,35.1076,88.1579,62.5,13.3,11,100,90.3,76,29.6879,0,0,5.994,0,92.7,100,824.041,0,0
386.132,784,7.04695,7.06093,3219,24.7,14,14,96,92.6,35.1076,88.1579,62.5,13.3,11,100,90.3,76,29.6879,0,-5,5.994,0,92.6,100,717.369,0,0
386.153,784,7.06093,7.06093,3229,24.7,14,14,96,92.7,35.1076,88.1023,62.4,13.3,10.9,100,90.3,76,29.6879,0,5,5.994,0,92.7,100,743.37,0,0
386.173,784,7.04695,7.05361,3226,24.7,14,14,96,92.6,35.1076,88.1023,62.4,13.1,10.9,100,90.3,76,29.6879,0,-5,5.994,0,92.6,100,1112.72,0,0
386.194,784,7.04695,7.03962,3225,24.7,14,14,96,92.4,35.1076,88.1023,62.5,13.1,10.9,100,90.3,76,29.6879,0,-10,5.994,0,92.4,100,736.703,0,0
386.215,784,7.03962,7.05361,3227,24.7,14,14,96,92.7,35.1076,88.0468,62.4,13.1,10.9,100,90.3,76,29.6879,-10,10,5.994,0,92.7,100,894.711,0,0
386.236,784,7.06093,7.05094,3234,24.7,14,14,96,92.7,35.1076,88.0468,62.4,13.1,10.9,100,90.2,76,29.6879,0,5,5.994,0,92.7,100,719.369,0,0
386.257,784,7.05094,7.0576,3240,24.7,14,14,96,92.7,35.1076,88.0468,62.3,13.1,10.9,100,90.2,76,29.6879,-9.7,5,5.994,0,92.7,100,1096.72,0,0
386.276,784,7.05094,7.05094,3243,24.8,14,14,96,92.7,35.1076,88.0468,62.5,13.1,10.9,100,90.2,76,29.6879,9.6,0,5.994,0,92.7,100,734.037,0,0
386.295,784,7.05094,7.05094,3246,24.8,14,14,96,92.7,35.1076,88.0468,62.5,13.1,10.9,100,90.2,76,29.6879,0,0,5.994,0,92.7,100,742.704,0,0
386.316,784,7.05094,7.05094,3246,24.8,14,14,96,92.7,35.1076,88.0468,62.5,13.3,10.9,100,90.2,76,29.6879,0,0,5.994,0,92.7,100,760.038,0,0
386.336,784,7.05094,7.05094,3246,24.8,14,14,96,92.7,35.1076,88.0468,62.4,13.3,10.9,100,90.2,76,29.6879,0,0,5.994,0,92.7,100,766.705,0,0
386.356,785,7.03962,7.04495,3254,24.9,14,14,96,92.6,35.1076,88.1579,62.4,13.3,10.9,100,90.2,76,29.6879,0,-5,5.994,0,92.6,100,774.705,0,0
386.376,785,7.04495,7.06493,3255,24.8,14,14,96,92.9,35.1076,88.1579,62.4,13.3,10.9,100,90.2,76,29.6879,0,16,5.994,0,92.9,100,1100.72,0,0
386.397,785,7.06493,7.0576,3252,24.8,14,14,96,92.8,35.1076,88.1579,62.4,13.3,10.9,100,90.2,76,29.6879,0,-5,5.994,0,92.8,100,780.706,0,0
386.416,785,7.0576,7.06493,3251,24.8,14,14,96,92.8,35.1076,88.1579,62.4,13.3,10.9,100,90.2,76,29.6879,0,5,5.994,0,92.8,100,848.709,0,0
386.435,785,7.0576,7.0576,3257,24.9,14,14,96,92.8,35.1076,88.3245,62.4,13.3,10.9,100,90.2,76,29.6879,0,-5,5.994,0,92.8,100,902.045,0,0
386.454,785,7.0576,7.0556,3269,24.9,14,14,96,92.9,35.1076,88.3245,62.4,13.5,10.9,100,90.1,76,29.6879,0,5,5.994,0,92.9,100,785.373,0,0
386.474,785,7.0556,7.0556,3260,24.9,14,14,96,92.9,35.1076,88.3245,62.5,13.5,10.9,100,90.2,76,29.6879,0,0,5.994,0,92.9,100,768.705,0,0
386.494,785,7.0576,7.0556,3269,24.9,14,14,96,92.8,35.1076,88.3245,62.5,13.5,10.9,100,90.2,76,29.6879,0,0,5.994,0,92.8,100,746.704,0,0
386.514,785,7.0556,7.0556,3275,24.9,14,14,96,92.9,35.1076,88.3801,62.4,13.5,10.9,100,90.1,76,29.6879,0,0,5.994,0,92.9,100,1086.05,0,0
386.535,785,7.0576,7.0556,3278,25,14,14,96,92.8,35.1076,88.3801,62.4,13.6,10.9,100,90.2,76,29.6879,0,0,5.994,0,92.8,100,736.037,0,0
386.556,785,7.0616,7.0616,3272,24.9,14,14,96,93,35.1076,88.3801,62.4,13.6,10.9,100,90.1,76,29.6879,0,0,5.994,0,93,100,819.374,0,0
386.577,785,7.0556,7.0556,3274,24.9,14,14,96,92.9,35.1076,88.4356,62.5,13.6,10.9,100,90.1,76,29.6879,0,-5,5.994,0,92.9,100,761.371,0,0
386.596,785,7.06892,7.06892,3275,24.9,14,14,96,93.1,35.1076,88.4356,62.4,13.6,10.9,100,90.1,76,29.6879,-9.4,10,5.994,0,93.1,100,898.712,0,0
386.615,785,7.06892,7.06892,3285,25,14,14,96,93.1,35.1076,88.4356,62.4,13.6,10.9,100,90.1,76,29.6879,0,0,5.994,0,93.1,100,816.708,0,0
386.634,785,7.07558,7.07558,3281,25,14,14,96,93.2,35.1076,88.4356,62.5,13.6,10.9,100,90.1,76,29.6879,9.4,5,5.994,0,93.2,100,704.702,0,0
386.655,785,7.0556,7.06892,3283,25,14,14,96,93.2,35.1076,88.3801,62.5,13.6,10.9,100,90.1,76,29.6879,0,-5,5.994,0,93.2,100,722.703,0,0
386.675,785,7.07558,7.07558,3280,25,14,14,96,93,35.1076,88.3801,62.4,13.7,10.9,100,90.1,76,29.6879,0,5,5.994,0,93,100,843.375,0,0
386.696,785,7.0616,7.0616,3285,25,14,14,96,93,35.1076,88.3801,62.4,13.7,10.9,100,90.1,76,29.6879,0,-10,5.994,0,93,100,759.371,0,0
386.717,785,7.0556,7.06892,3291,25,14,14,96,92.9,35.1076,88.3801,62.5,13.7,10.9,100,90.1,76,29.6879,9.7,5,5.994,0,92.9,100,826.041,0,0
386.738,785,7.06892,7.0556,3296,25.1,14,14,96,93.1,35.1076,88.3245,62.5,13.7,10.9,100,90.1,76,29.6879,0,10,5.994,0,93.1,100,911.379,0,0
386.759,785,7.0616,7.06892,3296,25.1,14,14,96,93,35.1076,88.3245,62.5,13.7,10.9,100,90.1,76,29.6879,0,-5,5.994,0,93,100,739.37,0,0
386.78,785,7.0616,7.0616,3295,25.1,14,14,96,93,35.1076,88.3245,62.4,13.7,10.9,100,90.1,76,29.6879,-9.5,0,5.994,0,93,100,936.047,0,0
386.801,785,7.04894,7.0556,3296,25.1,14,14,96,93.1,35.1076,88.3801,62.4,13.7,10.9,100,90.1,76,29.6879,0,-5,5.994,0,93.1,100,712.036,0,0
386.82,785,7.06892,7.0616,3305,25.1,14,14,96,92.9,35.1076,88.3801,62.5,13.6,10.9,100,90.1,76,29.6879,0,5,5.994,0,92.9,100,751.371,0,0
386.839,785,7.0556,7.0556,3310,25.2,14,14,96,93.2,35.1076,88.3801,62.4,13.6,10.9,100,90,76,29.6879,0,-5,5.994,0,93.2,100,746.037,0,0
386.859,785,7.0616,7.07558,3309,25.1,14,14,96,93,35.1076,88.3801,62.4,13.6,10.9,100,90.1,76,29.6879,0,16,5.994,0,93,100,779.372,0,0
386.88,785,7.07558,7.0616,3301,25.1,14,14,96,93.2,35.1076,88.3245,62.4,13.6,10.9,100,90,76,29.6879,9.6,-11,5.994,0,93.2,100,918.713,0,0
386.901,785,7.0556,7.07558,3309,25.2,14,14,96,93.1,35.1076,88.3245,62.5,13.5,10.9,100,90,76,29.6879,0,-5,5.994,0,93.1,100,762.038,0,0
386.92,785,7.07558,7.06892,3317,25.2,14,14,96,93.2,35.1076,88.3245,62.5,13.5,10.9,100,90,76,29.6879,0,5,5.994,0,93.2,100,776.039,0,0
386.941,785,7.06892,7.06892,3321,25.2,14,14,96,93.1,35.1076,88.3245,62.4,13.5,10.9,100,90,76,29.6879,0,-5,5.994,0,93.1,100,751.371,0,0
386.962,785,7.08291,7.07558,3317,25.2,14,14,96,93.2,35.1076,88.3245,62.4,13.5,10.9,100,90,76,29.6879,0,5,5.994,0,93.2,100,814.041,0,0
386.982,785,7.0616,7.0616,3319,25.2,14,14,96,93.1,35.1076,88.3245,62.4,13.5,10.9,100,90,76,29.6879,0,-10,5.994,0,93.1,100,896.045,0,0
387.003,785,7.06892,7.07558,3319,25.2,14,14,96,93,35.1076,88.3245,62.4,13.5,10.9,100,90,76,29.6879,0,11,5.994,0,93,100,771.372,0,0
387.022,785,7.08291,7.06892,3329,25.2,14,14,96,93.3,35.1076,88.3245,62.4,13.5,10.9,100,90,76,29.6879,0,-5,5.994,0,93.3,100,778.039,0,0
387.043,785,7.07558,7.08291,3328,25.3,14,14,96,93.2,35.1076,88.3245,62.5,13.3,10.9,100,90,76,29.6879,9.7,10,5.994,0,93.2,100,934.713,0,0
387.064,785,7.08291,7.06892,3331,25.3,14,14,96,93.2,35.1076,88.3245,62.5,13.3,10.9,100,90,76,29.6879,0,5,5.994,0,93.2,100,920.713,0,0
387.084,785,7.0616,7.06892,3335,25.3,14,14,96,93.1,35.0521,88.3245,62.4,13.3,10.9,100,90,76,29.6879,-9.7,-5,5.994,0,93.1,100,758.038,0,0
387.105,785,7.08291,7.07558,3338,25.3,14,14,96,93.2,35.0521,88.1579,62.4,13.3,10.9,100,90,76,29.6879,0,5,5.994,0,93.2,100,1103.39,0,0
387.126,785,7.0616,7.06892,3334,25.3,14,14,96,93.2,35.0521,88.1579,62.5,13.2,10.9,100,90,76,29.6879,0,-5,5.994,0,93.2,100,738.704,0,0
387.146,785,7.07558,7.07558,3337,25.3,14,14,96,93.1,35.0521,88.1579,62.5,13.2,10.9,100,90,76,29.6879,0,5,5.994,0,93.1,100,756.705,0,0
387.166,785,7.07558,7.07558,3340,25.3,14,14,96,93.2,34.9965,88.1023,62.4,13.2,10.9,100,90,76,29.6879,0,0,5.994,0,93.2,100,765.372,0,0
387.187,785,7.0616,7.06892,3345,25.4,14,14,96,93,34.9965,88.1023,62.5,13.5,10.9,100,90,76,29.6879,8.9,-5,5.994,0,93,100,835.375,0,0
387.208,785,7.07292,7.06892,3347,25.4,14,14,96,93.2,34.9965,88.1023,62.5,13.5,10.9,100,90,76,29.6879,0,5,5.994,0,93.2,100,828.041,0,0
387.228,785,7.06892,7.06559,3352,25.4,14,14,96,93.2,34.9965,88.1023,62.4,13.5,10.9,100,89.9,76,29.6879,-10,0,5.994,0,93.2,100,740.037,0,0
387.249,785,7.07292,7.07292,3349,25.4,14,14,96,93.3,34.9965,88.1579,62.4,13.5,10.9,100,89.9,76,29.6879,9.6,5,5.994,0,93.3,100,903.378,0,0
387.27,785,7.06892,7.07558,3349,25.4,14,14,96,93.2,34.9965,88.1579,62.5,13.6,10.9,100,90,76,29.6879,0,-5,5.994,0,93.2,100,922.046,0,0
387.289,785,7.07558,7.06559,3353,25.4,14,14,96,93,34.9965,88.1579,62.5,13.6,10.9,100,90,76,29.6879,0,0,5.994,0,93,100,740.037,0,0
387.309,785,7.07292,7.06892,3359,25.4,14,14,96,93.3,34.9965,88.3245,62.4,13.6,10.9,100,89.9,76,29.6879,0,-5,5.994,0,93.3,100,782.706,0,0
387.328,785,7.06559,7.07958,3361,25.5,14,14,96,93.2,34.9965,88.3245,62.5,13.6,10.9,100,89.9,76,29.6879,9,16,5.994,0,93.2,100,943.38,0,0
387.348,785,7.07292,7.06559,3366,25.5,14,14,96,93.3,34.9965,88.3245,62.5,13.6,10.9,100,89.9,76,29.6879,0,-11,5.994,0,93.3,100,756.038,0,0
387.369,786,7.06559,7.07292,3361,25.5,14,14,96,93.2,34.9965,88.3245,62.4,13.6,10.9,100,89.9,76,29.6879,-10.5,-5,5.994,0,93.2,100,828.708,0,0
387.388,786,7.06559,7.06559,3362,25.5,14,14,96,93.2,35.1076,88.3245,62.4,13.6,10.9,100,89.9,76,29.6879,9.8,0,5.994,0,93.2,100,726.703,0,0
387.408,786,7.0596,7.06559,3371,25.5,14,14,96,93.2,35.1076,88.3245,62.5,13.4,10.9,100,89.9,76,29.6879,9.6,0,5.994,0,93.2,100,1104.06,0,0
387.427,786,7.0596,7.06559,3380,25.6,14,14,96,93.2,35.1076,88.3245,62.5,13.4,10.9,100,89.9,76,29.6879,0,0,5.994,0,93.2,100,732.037,0,0
387.448,786,7.06559,7.06559,3372,25.5,14,14,96,93.3,35.0521,88.3245,62.4,13.4,10.9,100,89.9,76,29.6879,-9.4,0,5.994,0,93.3,100,929.38,0,0
387.468,786,7.07292,7.06559,3369,25.5,14,14,96,93.1,35.0521,88.3245,62.4,13.4,10.9,100,89.9,76,29.6879,0,0,5.994,0,93.1,100,735.37,0,0
387.487,786,7.08691,7.06559,3375,25.5,14,14,96,93.5,35.0521,88.3245,62.5,13.1,10.9,100,89.9,76,29.6879,0,0,5.994,0,93.5,100,760.705,0,0
387.508,786,7.05294,7.07292,3379,25.6,14,14,96,93,35.0521,88.3245,62.4,13.1,10.9,100,89.9,76,29.6879,-9.3,5,5.994,0,93,100,893.378,0,0
387.528,786,7.07292,7.0596,3385,25.6,14,14,96,93.2,34.9965,88.3245,62.4,13.1,10.9,100,89.9,76,29.6879,0,5,5.994,0,93.2,100,842.709,0,0
387.55,786,7.0596,7.0596,3384,25.6,14,14,96,93.1,34.9965,88.3245,62.4,13.5,10.9,100,89.9,76,29.6879,0,-5,5.994,0,93.1,100,738.704,0,0
387.568,786,7.07292,7.06559,3384,25.6,14,14,96,93.2,34.9965,88.3245,62.4,13.5,10.9,100,89.9,76,29.6879,0,5,5.994,0,93.2,100,770.039,0,0
387.587,786,7.0596,7.06559,3389,25.6,14,14,96,93.2,34.9965,88.3245,62.4,13.5,10.9,100,89.9,76,29.6879,0,0,5.994,0,93.2,100,722.703,0,0
387.608,786,7.07292,7.0636,3393,25.7,14,14,96,93.2,35.0521,88.3245,62.5,13.5,10.9,100,89.9,76,29.6879,0,5,5.994,0,93.2,100,902.712,0,0
387.628,786,7.07692,7.06559,3391,25.6,14,14,96,93.5,35.0521,88.3245,62.5,13.4,10.9,100,89.8,76,29.6879,0,-5,5.994,0,93.5,100,758.038,0,0
387.648,786,7.06559,7.07092,3399,25.7,14,14,96,93.2,35.0521,88.3245,62.4,13.4,10.9,100,89.9,76,29.6879,0,11,5.994,0,93.2,100,1088.72,0,0
387.669,786,7.0636,7.06559,3402,25.7,14,14,96,93.3,34.941,88.3245,62.5,13.4,10.9,100,89.8,76,29.6879,0,5,5.994,0,93.3,100,759.371,0,0
387.688,786,7.06559,7.0636,3399,25.7,14,14,96,93.2,34.941,88.3245,62.4,13.4,10.9,100,89.9,76,29.6879,-10.2,-5,5.994,0,93.2,100,753.371,0,0
387.71,786,7.07292,7.0636,3398,25.7,14,14,96,93.3,34.941,88.3245,62.3,13.1,10.9,100,89.8,76,29.6879,-10.1,5,5.994,0,93.3,100,794.04,0,0
387.731,786,7.0596,7.06559,3405,25.7,14,14,96,93.3,34.941,88.3245,62.5,13.1,10.9,100,89.8,76,29.6879,9.6,-5,5.994,0,93.3,100,725.37,0,0
387.752,786,7.0636,7.06559,3406,25.7,14,14,96,93.2,34.941,88.3245,62.5,13.1,10.9,100,89.9,76,29.6879,0,0,5.994,0,93.2,100,785.373,0,0
387.771,786,7.0636,7.05694,3412,25.8,14,14,96,93.3,34.941,88.3245,62.4,13.3,10.9,100,89.8,76,29.6879,-9.5,0,5.994,0,93.3,100,936.714,0,0
387.79,786,7.06559,7.0636,3412,25.8,14,14,96,93.2,34.941,88.3245,62.5,13.3,10.9,100,89.8,76,29.6879,8.9,-5,5.994,0,93.2,100,797.373,0,0
387.81,786,7.0636,7.05694,3415,25.8,14,14,96,93.3,34.941,88.3245,62.5,13.3,10.9,100,89.8,76,29.6879,0,5,5.994,0,93.3,100,952.714,0,0
387.831,786,7.0636,7.0636,3413,25.8,14,14,96,93.3,34.9965,88.1579,62.4,13.3,10.9,100,89.8,76,29.6879,-9.5,0,5.994,0,93.3,100,757.371,0,0
387.852,786,7.07092,7.05694,3419,25.8,14,14,96,93.2,34.9965,88.1579,62.5,13.1,10.9,100,89.8,76,29.6879,9.5,-5,5.994,0,93.2,100,810.041,0,0
387.872,786,7.0596,7.04961,3421,25.8,14,14,96,93.4,34.9965,88.1579,62.5,13.1,10.9,100,89.8,76,29.6879,0,-5,5.994,0,93.4,100,852.709,0,0
387.892,786,7.07092,7.07092,3421,25.8,14,14,96,93.4,34.941,88.1579,62.4,13.1,10.9,100,89.8,76,29.6879,0,16,5.994,0,93.4,100,781.372,0,0
387.912,786,7.07092,7.07092,3420,25.8,14,14,96,93.4,34.941,88.2134,62.5,13.1,10.9,100,89.8,76,29.6879,9.7,0,5.994,0,93.4,100,952.714,0,0
387.931,786,7.05694,7.07092,3425,25.8,14,14,96,93.2,34.941,88.2134,62.5,13.3,10.9,100,89.8,76,29.6879,0,-11,5.994,0,93.2,100,985.383,0,0
387.952,786,7.0636,7.05694,3427,25.9,14,14,96,93.2,34.941,88.2134,62.5,13.3,10.9,100,89.8,76,29.6879,0,0,5.994,0,93.2,100,843.375,0,0
387.973,786,7.04961,7.04961,3432,26,14,14,96,93.1,34.941,88.2134,62.5,13.3,10.9,100,89.8,76,29.6879,9.4,-5,5.994,0,93.1,100,793.373,0,0
387.994,786,7.0636,7.05694,3438,26,14,14,96,93.1,34.941,88.1023,62.5,13.3,10.9,100,89.8,76,29.6879,0,5,5.994,0,93.1,100,739.37,0,0
388.015,786,7.0636,7.05694,3436,25.9,14,14,96,93.3,34.941,88.1023,62.4,13,10.9,100,89.8,76,29.6879,0,0,5.994,0,93.3,100,774.705,0,0
388.036,786,7.04362,7.0636,3443,26.1,14,14,96,93,34.941,88.1023,62.5,13,11,100,89.8,76,29.6879,10.5,5,5.994,0,93,100,842.709,0,0
388.055,786,7.0636,7.04961,3442,26,14,14,96,93.3,34.8854,88.0468,62.5,13,11,100,89.8,76,29.6879,0,11,5.994,0,93.3,100,840.042,0,0
388.076,786,7.05694,7.04961,3440,26,14,14,96,93.1,34.8854,88.0468,62.5,13.3,11,100,89.8,76,29.6879,0,-11,5.994,0,93.1,100,744.037,0,0
388.097,786,7.0636,7.0636,3444,26,14,14,96,93.3,34.8854,88.0468,62.5,13.3,11,100,89.8,76,29.6879,0,11,5.994,0,93.3,100,778.039,0,0
388.116,786,7.04961,7.05694,3451,26,14,14,96,93.3,34.941,88.0468,62.4,13.3,11,100,89.8,76,29.6879,-10.2,-5,5.994,0,93.3,100,806.707,0,0
388.138,786,7.05694,7.05494,3449,26,14,14,96,93.2,34.941,88.0468,62.4,13.3,11,100,89.8,76,29.6879,0,5,5.994,0,93.2,100,762.705,0,0
388.157,786,7.04961,7.04961,3458,26.1,14,14,96,93.1,34.941,88.0468,62.5,13.1,11,100,89.8,76,29.6879,0,-11,5.994,0,93.1,100,821.374,0,0
388.174,786,7.04961,7.04961,3455,26,14,14,96,93.2,34.941,88.0468,62.5,13.1,11,100,89.8,76,29.6879,0,5,5.994,0,93.2,100,769.372,0,0
388.192,786,7.0636,7.05694,3457,26,14,14,96,93.3,34.8854,88.1579,62.4,13.1,11,100,89.7,76,29.6879,0,5,5.994,0,93.3,100,856.043,0,0
388.213,786,7.05494,7.05494,3459,26.1,14,14,96,93.3,34.8854,88.1579,62.5,13.1,11,100,89.7,76,29.6879,0,0,5.994,0,93.3,100,781.372,0,0
388.232,786,7.06759,7.06093,3459,26,14,14,96,93.4,34.8854,88.1579,62.5,13.3,11,100,89.7,76,29.6879,0,5,5.994,0,93.4,100,766.038,0,0
388.251,786,7.05694,7.05694,3459,26.1,14,14,96,93.2,34.8854,88.1579,62.4,13.3,11,100,89.8,76,29.6879,0,-11,5.994,0,93.2,100,791.373,0,0
388.27,786,7.05494,7.05694,3463,26.1,14,14,96,93,34.8854,88.2134,62.5,13.3,11,100,89.8,76,29.6879,0,0,5.994,0,93,100,750.704,0,0
388.291,786,7.04362,7.04362,3466,26.1,14,14,96,93.2,34.8854,88.2134,62.4,13.3,11,100,89.8,76,29.6879,0,-11,5.994,0,93.2,100,835.375,0,0
388.31,786,7.05694,7.05694,3469,26.1,14,14,96,93.2,34.8854,88.2134,62.4,13.3,11,100,89.8,76,29.6879,0,11,5.994,0,93.2,100,794.706,0,0
388.331,786,7.05494,7.05694,3471,26.1,14,14,96,93.3,34.8854,88.2134,62.5,13.3,11,100,89.7,76,29.6879,0,0,5.994,0,93.3,100,818.041,0,0
388.35,786,7.04761,7.05494,3480,26.3,14,14,96,93.1,34.8854,88.2134,62.4,13.3,11,100,89.8,76,29.6879,-9.7,-11,5.994,0,93.1,100,775.372,0,0
388.37,787,7.05494,7.05494,3478,26.2,14,14,96,93.3,34.8854,88.2134,62.5,13.5,11,100,89.7,76,29.6879,9.3,11,5.994,0,93.3,100,764.705,0,0
388.391,787,7.05494,7.04761,3478,26.2,14,14,96,93.2,34.8854,88.2134,62.5,13.5,11,100,89.7,76,29.6879,0,-5,5.994,0,93.2,100,876.044,0,0
388.414,787,7.04761,7.05494,3481,26.2,14,14,96,93.2,34.8854,88.2134,62.4,13.5,11,100,89.7,76,29.6879,0,5,5.994,0,93.2,100,808.04,0,0
388.433,787,7.05494,7.04761,3487,26.2,14,14,96,93.2,34.8854,87.9912,62.5,13.5,11,100,89.7,76,29.6879,0,0,5.994,0,93.2,100,805.374,0,0
388.454,787,7.04761,7.04761,3488,26.2,14,14,96,93.3,34.8854,87.9912,62.5,13.2,11,100,89.7,76,29.6879,0,5,5.994,0,93.3,100,831.375,0,0
388.475,787,7.06759,7.05494,3493,26.3,14,14,96,93.3,34.8854,87.9912,62.5,13.2,11,100,89.7,76,29.6879,0,0,5.994,0,93.3,100,794.04,0,0
388.496,787,7.04761,7.04095,3488,26.2,14,14,96,93.3,34.8854,88.2134,62.5,13.2,11,100,89.7,76,29.6879,0,-11,5.994,0,93.3,100,713.369,0,0
388.517,787,7.04095,7.05494,3488,26.3,14,14,96,93.1,34.8854,88.2134,62.4,13.2,11,100,89.7,76,29.6879,0,11,5.994,0,93.1,100,779.372,0,0
388.538,787,7.06759,7.04761,3498,26.3,14,14,96,93.5,34.8854,88.2134,62.5,13.2,11,100,89.7,76,29.6879,0,-5,5.994,0,93.5,100,841.375,0,0
388.559,787,7.04761,7.06093,3500,26.4,14,14,96,93.2,34.8854,88.2134,62.4,13.2,11,100,89.7,76,29.6879,-10,-11,5.994,0,93.2,100,765.372,0,0
388.578,787,7.06759,7.05494,3501,26.3,14,14,96,93.3,34.8854,88.2134,62.4,13.2,11,100,89.7,76,29.6879,9.6,5,5.994,0,93.3,100,890.711,0,0
388.597,787,7.04761,7.04095,3503,26.4,14,14,96,93.2,34.8854,88.2134,62.4,13.3,11,100,89.7,76,29.6879,0,-11,5.994,0,93.2,100,774.705,0,0
388.618,787,7.04761,7.04761,3500,26.4,14,14,96,93.2,34.8854,88.2134,62.4,13.3,11,100,89.7,76,29.6879,0,5,5.994,0,93.2,100,794.04,0,0
388.639,787,7.06093,7.05494,3509,26.4,14,14,96,93.4,34.8298,88.2134,62.5,13.3,11,100,89.6,76,29.6879,0,5,5.994,0,93.4,100,1064.72,0,0
388.66,787,7.04761,7.06093,3511,26.4,14,14,96,93.3,34.8298,88.1023,62.5,13.3,11,100,89.7,76,29.6879,0,-5,5.994,0,93.3,100,847.376,0,0
388.681,787,7.06093,7.06093,3512,26.4,14,14,96,93.4,34.8298,88.1023,62.5,13.1,11,100,89.6,76,29.6879,9.6,5,5.994,0,93.4,100,792.04,0,0
388.702,787,7.04761,7.04761,3516,26.4,14,14,96,93.3,34.8298,88.1023,62.5,13.1,11,100,89.6,76,29.6879,0,-11,5.994,0,93.3,100,956.048,0,0
388.722,787,7.04761,7.04761,3514,26.5,14,14,96,93.2,34.8298,88.1579,62.3,13.1,11,100,89.7,76,29.6879,-10.4,0,5.994,0,93.2,100,766.038,0,0
388.743,787,7.06093,7.05494,3520,26.4,14,14,96,93.4,34.8298,88.1579,62.4,13.1,11,100,89.6,76,29.6879,0,5,5.994,0,93.4,100,774.705,0,0
388.762,787,7.04761,7.06093,3516,26.5,14,14,96,93.2,34.8298,88.1579,62.4,13.1,11,100,89.7,76,29.6879,0,-11,5.994,0,93.2,100,812.041,0,0
388.783,787,7.06759,7.05494,3523,26.4,14,14,96,93.3,34.8298,88.1579,62.4,13.1,11,100,89.6,76,29.6879,9.5,6,5.994,0,93.3,100,806.707,0,0
388.802,787,7.05494,7.06093,3525,26.4,14,14,96,93.6,34.8298,88.3245,62.4,13.1,11,100,89.6,76,29.6879,0,5,5.994,0,93.6,100,966.715,0,0
388.823,787,7.08091,7.06759,3534,26.5,14,14,96,93.3,34.8298,88.3245,62.4,13.3,11,100,89.6,76,29.6879,0,5,5.994,0,93.3,100,790.706,0,0
388.844,787,7.06093,7.05494,3534,26.5,14,14,96,93.4,34.8298,88.3245,62.5,13.3,11,100,89.6,76,29.6879,0,-11,5.994,0,93.4,100,912.046,0,0
388.863,787,7.04095,7.04761,3534,26.5,14,14,96,93.3,34.8298,88.3245,62.4,13.3,11,100,89.6,76,29.6879,0,5,5.994,0,93.3,100,822.041,0,0
388.884,787,7.06093,7.04761,3531,26.5,14,14,96,93.2,34.8298,88.3245,62.4,13.6,11,100,89.6,76,29.6879,0,-5,5.994,0,93.2,100,795.373,0,0
388.904,787,7.04761,7.04761,3538,26.6,14,14,96,93.5,34.8298,88.3245,62.5,13.6,11,100,89.6,76,29.6879,0,0,5.994,0,93.5,100,758.705,0,0
388.923,787,7.06759,7.06093,3536,26.5,14,14,96,93.4,34.8298,88.3245,62.4,13.6,11,100,89.6,76,29.6879,-9,11,5.994,0,93.4,100,775.372,0,0
388.944,787,7.06093,7.06093,3543,26.5,14,14,96,93.4,34.8854,88.1579,62.4,13.6,11,100,89.6,76,29.6879,0,0,5.994,0,93.4,100,797.373,0,0
388.964,787,7.04761,7.06093,3545,26.6,14,14,96,93.3,34.8854,88.1579,62.5,13.3,11,100,89.6,76,29.6879,0,-5,5.994,0,93.3,100,768.705,0,0
388.984,787,7.06759,7.06093,3552,26.6,14,14,96,93.4,34.8854,88.1579,62.5,13.3,11,100,89.6,76,29.6879,0,6,5.994,0,93.4,100,774.039,0,0
389.004,787,7.06093,7.06093,3546,26.6,14,14,96,93.4,34.8298,88.1579,62.4,13.3,11,100,89.6,76,29.6879,-10.1,0,5.994,0,93.4,100,920.713,0,0
389.023,787,7.07159,7.05494,3551,26.6,14,14,96,93.2,34.8298,88.3245,62.4,13.3,11,100,89.6,76,29.6879,0,-5,5.994,0,93.2,100,826.708,0,0
389.044,787,7.06759,7.05494,3551,26.6,14,14,96,93.5,34.8298,88.3245,62.5,13.3,11,100,89.6,76,29.6879,0,0,5.994,0,93.5,100,777.372,0,0
389.065,787,7.04761,7.05494,3556,26.6,14,14,96,93.2,34.8298,88.3245,62.4,13.3,11,100,89.6,76,29.6879,-9.7,0,5.994,0,93.2,100,772.039,0,0
389.086,787,7.06093,7.05494,3560,26.7,14,14,96,93.4,34.8298,88.3245,62.5,13.3,11,100,89.6,76,29.6879,8.7,6,5.994,0,93.4,100,766.038,0,0
389.105,787,7.04095,7.04761,3556,26.6,14,14,96,93.2,34.8298,88.3245,62.5,13.6,11,100,89.6,76,29.6879,0,-11,5.994,0,93.2,100,778.039,0,0
389.126,787,7.04761,7.04095,3558,26.7,14,14,96,93,34.8298,88.3245,62.5,13.6,11,100,89.6,76,29.6879,9.8,-6,5.994,0,93,100,950.047,0,0
389.147,787,7.05893,7.04761,3567,26.7,14,14,96,93.5,34.8298,88.3245,62.5,13.6,11,100,89.5,76,29.6879,0,5,5.994,0,93.5,100,1111.39,0,0
389.168,787,7.04095,7.05494,3569,26.8,14,14,96,93.1,34.8298,88.1579,62.4,13.6,11,100,89.6,76,29.6879,0,-12,5.994,0,93.1,100,958.715,0,0
389.188,787,7.05494,7.04761,3563,26.7,14,14,96,93.2,34.8298,88.1579,62.4,13.2,11,100,89.6,76,29.6879,0,6,5.994,0,93.2,100,806.04,0,0
389.208,787,7.04095,7.04761,3568,26.7,14,14,96,93.5,34.8298,88.1579,62.4,13.2,11,100,89.5,76,29.6879,0,0,5.994,0,93.5,100,770.705,0,0
389.227,787,7.05893,7.05494,3566,26.7,14,14,96,93.2,34.8298,88.1579,62.5,13.2,11,100,89.6,76,29.6879,9.3,6,5.994,0,93.2,100,781.372,0,0
389.247,787,7.07159,7.05494,3577,26.8,14,14,96,93.6,34.8298,88.2134,62.5,13.2,11,100,89.5,76,29.6879,0,0,5.994,0,93.6,100,1086.05,0,0
389.266,787,7.04095,7.04495,3578,26.8,14,14,96,93.3,34.8298,88.2134,62.5,13.2,11,100,89.5,76,29.6879,10,0,5.994,0,93.3,100,950.047,0,0
389.284,787,7.05893,7.04495,3582,26.8,14,14,96,93.3,34.8298,88.2134,62.5,13.2,11,100,89.5,76,29.6879,0,0,5.994,0,93.3,100,830.042,0,0
389.305,787,7.04761,7.04495,3578,26.8,14,14,96,93.3,34.8298,88.2134,62.5,13.2,11,100,89.5,76,29.6879,0,0,5.994,0,93.3,100,794.04,0,0
389.324,787,7.05893,7.04495,3581,26.8,14,14,96,93.3,34.8298,88.2134,62.5,13.2,11,100,89.5,76,29.6879,0,0,5.994,0,93.3,100,790.706,0,0
389.345,787,7.04095,7.04761,3581,26.8,14,14,96,93.5,34.8298,88.2134,62.4,13.2,11,100,89.5,76,29.6879,-8.9,-5,5.994,0,93.5,100,834.708,0,0
389.366,788,7.03363,7.04761,3589,26.9,14,14,96,93,34.7743,88.2134,62.5,13.2,11,100,89.6,76,29.6879,0,0,5.994,0,93,100,926.046,0,0
389.386,788,7.05161,7.04095,3593,26.9,14,14,96,93.2,34.7743,88.2134,62.4,13.2,11,100,89.5,76,29.6879,-9.1,5,5.994,0,93.2,100,851.376,0,0
389.406,788,7.03363,7.04095,3590,26.9,14,14,96,93.1,34.7743,88.2134,62.5,13.3,11,100,89.6,76,29.6879,9.5,-6,5.994,0,93.1,100,1098.72,0,0
389.427,788,7.05161,7.03363,3588,26.9,14,14,96,92.9,34.7743,88.2134,62.5,13.3,11,100,89.6,76,29.6879,0,-6,5.994,0,92.9,100,744.704,0,0
389.448,788,7.05893,7.03895,3598,26.9,14,14,96,93.5,34.7188,88.2134,62.5,13.3,11,100,89.5,76,29.6879,0,11,5.994,0,93.5,100,794.04,0,0
389.468,788,7.04095,7.04495,3600,26.9,14,14,96,93.2,34.7188,88.2134,62.5,13.3,11,100,89.5,76,29.6879,0,-5,5.994,0,93.2,100,779.372,0,0
389.487,788,7.06293,7.03895,3597,26.9,14,14,96,93.2,34.7188,88.2134,62.4,13.6,11,100,89.5,76,29.6879,0,0,5.994,0,93.2,100,788.706,0,0
389.508,788,7.02097,7.04495,3600,26.9,14,14,96,93.3,34.7188,88.2134,62.5,13.6,11,100,89.5,76,29.6879,9.5,6,5.994,0,93.3,100,924.713,0,0
389.527,788,7.07159,7.03895,3599,27,14,14,96,92.9,34.7743,88.2134,62.5,13.6,11,100,89.6,76,29.6879,0,-6,5.994,0,92.9,100,784.039,0,0
389.548,788,7.07558,7.04495,3609,26.8,14,14,96,93.9,34.7743,88.2134,62.5,13.2,11,100,89.4,76,29.6879,0,5,5.994,0,93.9,100,824.041,0,0
389.569,788,7.03895,7.06293,3608,26.9,14,14,96,93.3,34.7743,88.2134,62.5,13.2,11,100,89.5,76,29.6879,0,-18,5.994,0,93.3,100,961.381,0,0
389.59,788,7.06892,7.04495,3610,27,14,14,96,93.3,34.7743,88.2134,62.5,13.2,11,100,89.5,76,29.6879,0,0,5.994,0,93.3,100,807.374,0,0
389.609,788,7.03363,7.03895,3613,27,14,14,96,93.6,34.7743,88.1023,62.5,13.2,11,100,89.4,76,29.6879,0,-5,5.994,0,93.6,100,931.38,0,0
389.631,788,7.03163,7.04495,3615,27,14,14,96,93.1,34.7743,88.1023,62.5,13,11,100,89.5,76,29.6879,9.8,6,5.994,0,93.1,100,774.039,0,0
389.651,788,7.06293,7.04495,3610,27,14,14,96,93.1,34.7743,88.1023,62.5,13,11,100,89.5,76,29.6879,0,-11,5.994,0,93.1,100,770.039,0,0
389.669,788,7.02763,7.03163,3616,27,14,14,96,93.2,34.7743,88.1023,62.5,13,11,100,89.5,76,29.6879,0,6,5.994,0,93.2,100,789.373,0,0
389.69,788,7.06293,7.04495,3622,27,14,14,96,93.3,34.7743,88.1579,62.5,13,11,100,89.5,76,29.6879,0,6,5.994,0,93.3,100,1082.05,0,0
389.71,788,7.03163,7.04495,3624,26.9,14,14,96,93.8,34.7743,88.1579,62.5,13,11,100,89.4,76,29.6879,0,0,5.994,0,93.8,100,836.042,0,0
389.731,788,7.02497,7.05161,3626,27.1,14,14,96,93,34.7743,88.1579,62.5,13,11,100,89.5,76,29.6879,0,6,5.994,0,93,100,816.708,0,0
389.75,788,7.04894,7.03895,3623,27,14,14,96,93.4,34.7188,88.2134,62.4,13,11,100,89.5,76,29.6879,-10,12,5.994,0,93.4,100,947.381,0,0
389.769,788,7.02497,7.03163,3626,27.1,14,14,96,93.1,34.7188,88.2134,62.5,13,11,100,89.5,76,29.6879,0,-18,5.994,0,93.1,100,795.373,0,0
389.79,788,7.06293,7.04295,3628,27.1,14,14,96,93.4,34.7188,88.2134,62.4,13,11,100,89.4,76,29.6879,-9.8,18,5.994,0,93.4,100,907.379,0,0
389.809,788,7.01764,7.03163,3636,27.1,14,14,96,93.4,34.8298,88.2134,62.5,13,11,100,89.4,76,29.6879,0,-18,5.994,0,93.4,100,794.706,0,0
389.828,788,7.01764,7.03163,3635,27.2,14,14,96,92.9,34.8298,88.2134,62.2,13,11,100,89.5,76,29.6879,-30.4,0,5.994,0,92.9,100,1108.06,0,0
389.849,788,7.04894,7.03163,3637,27.1,14,14,96,93.5,34.8298,88.2134,62.4,12.9,11,100,89.4,76,29.6879,9.5,0,5.994,0,93.5,100,810.707,0,0
389.87,788,7.03163,7.03895,3636,27.1,14,14,96,93.2,34.8298,88.2134,62.4,12.9,11,100,89.5,76,29.6879,0,-6,5.994,0,93.2,100,783.372,0,0
389.891,788,7.04894,7.03895,3637,27.1,14,14,96,93,34.7743,88.2134,62.4,12.9,11,100,89.5,76,29.6879,0,0,5.994,0,93,100,789.373,0,0
389.912,788,7.04295,7.03163,3649,27.1,14,14,96,93.4,34.7743,88.1023,62.4,12.9,11,100,89.4,76,29.6879,0,-6,5.994,0,93.4,100,796.706,0,0
389.931,788,7.02497,7.03895,3652,27.2,14,14,96,93.1,34.7743,88.1023,62.5,12.9,11,100,89.5,76,29.6879,0,-6,5.994,0,93.1,100,955.381,0,0
389.95,788,7.04295,7.03163,3650,27.2,14,14,96,93.2,34.7743,88.1023,62.5,12.9,11,100,89.4,76,29.6879,0,6,5.994,0,93.2,100,796.04,0,0
389.97,788,7.01764,7.03163,3647,27.2,14,14,96,93.1,34.7188,88.1579,62.5,12.9,11,100,89.5,76,29.6879,0,-6,5.994,0,93.1,100,945.381,0,0
389.991,788,7.04295,7.04295,3647,27.2,14,14,96,93.1,34.7188,88.1579,62.5,12.9,11,100,89.5,76,29.6879,0,18,5.994,0,93.1,100,843.375,0,0
390.012,788,7.04894,7.03562,3654,27.2,14,14,96,93.5,34.7188,88.1579,62.5,12.9,11,100,89.4,76,29.6879,0,-6,5.994,0,93.5,100,953.381,0,0
390.033,788,7.03163,7.04295,3657,27.2,14,14,96,93.1,34.7188,88.1579,62.5,12.9,11,100,89.5,76,29.6879,0,-18,5.994,0,93.1,100,822.708,0,0
390.054,788,7.04295,7.04295,3655,27.2,14,14,96,93.4,34.7188,88.3245,62.5,12.9,11,100,89.4,76,29.6879,0,18,5.994,0,93.4,100,785.373,0,0
390.074,788,7.03163,7.02896,3654,27.2,14,14,96,93.5,34.7188,88.3245,62.5,12.8,11,100,89.4,76,29.6879,0,-12,5.994,0,93.5,100,770.039,0,0
390.095,788,7.03163,7.03562,3659,27.3,14,14,96,93.1,34.7188,88.3245,62.5,12.8,11,100,89.5,76,29.6879,0,6,5.994,0,93.1,100,845.376,0,0
390.114,788,7.03562,7.02896,3666,27.3,14,14,96,93.3,34.7188,88.3245,62.5,12.8,11,100,89.4,76,29.6879,0,6,5.994,0,93.3,100,774.705,0,0
390.133,788,7.02297,7.02896,3664,27.3,14,14,96,93.2,34.7188,88.3245,62.5,12.8,11,100,89.4,76,29.6879,0,-6,5.994,0,93.2,100,930.713,0,0
390.152,788,7.04894,7.04295,3668,27.3,14,14,96,93.1,34.7188,88.3245,62.5,12.9,11,100,89.4,76,29.6879,0,12,5.994,0,93.1,100,786.039,0,0
390.172,788,7.02297,7.02297,3667,27.3,14,14,96,93.4,34.7188,88.3245,62.5,12.9,11,100,89.4,76,29.6879,0,-18,5.994,0,93.4,100,802.707,0,0
390.192,788,7.02297,7.04295,3670,27.3,14,14,96,93.1,34.7743,88.1579,62.5,12.9,11,100,89.4,76,29.6879,0,19,5.994,0,93.1,100,840.709,0,0
390.213,788,7.04295,7.02297,3675,27.3,14,14,96,93.2,34.7743,88.1579,62.4,12.8,11,100,89.4,76,29.6879,0,6,5.994,0,93.2,100,793.373,0,0
390.232,788,7.01564,7.01564,3686,27.4,14,14,96,93,34.7743,88.1579,62.4,12.8,11,100,89.4,76,29.6879,0,-12,5.994,0,93,100,750.038,0,0
390.253,788,7.02896,7.02896,3680,27.4,14,14,96,93,34.7743,88.1579,62.4,12.8,11,100,89.4,76,29.6879,0,12,5.994,0,93,100,853.376,0,0
